galobal thres:98
42 40 39 51 45 40 46 39 52 47 51 43 46 53 57 57 46 46 51 49 51 51 52 47 47 46 49 51 45 51 50 47 55 50 57 47 53 50 57 55 55 50 49 52 52 50 54 55 56 52 52 50 49 55 47 56 45 46 60 51 45 49 55 55 52 45 52 53 47 56 55 53 60 54 55 52 59 54 56 54 
48 44 50 47 49 42 41 45 37 41 47 48 49 60 50 44 56 40 52 47 55 50 50 54 55 58 50 49 46 55 44 55 52 46 49 56 50 50 53 51 44 53 55 52 51 48 43 48 53 48 54 57 48 52 45 49 48 54 43 50 55 54 53 50 55 47 50 44 60 55 50 53 46 56 51 54 47 53 55 49 
40 50 44 50 45 41 47 44 42 48 43 41 52 44 41 39 51 40 42 37 55 56 41 49 43 41 49 46 44 48 46 53 49 47 50 50 43 50 57 48 54 50 46 55 51 52 57 50 52 49 50 44 44 49 52 48 50 45 46 51 45 55 37 43 50 50 44 45 50 36 44 47 45 43 50 51 42 52 49 46 
42 31 45 39 46 47 47 42 37 42 35 41 37 35 46 50 42 50 50 53 50 49 52 49 43 47 48 53 36 45 42 52 50 44 53 44 39 44 49 48 46 53 49 45 52 53 58 48 50 49 48 51 42 55 51 50 59 56 56 53 54 47 50 38 51 52 52 49 38 50 48 42 51 45 47 54 57 49 59 49 
45 43 47 52 45 47 53 50 48 55 47 41 50 50 42 41 48 56 57 42 56 50 42 55 46 54 49 58 49 43 44 42 47 56 54 55 47 55 51 52 54 45 54 43 55 52 54 48 44 45 53 52 48 44 50 48 56 47 47 50 44 51 49 51 49 50 45 55 58 51 50 57 58 51 50 53 51 54 53 50 
40 48 42 39 45 40 42 38 44 46 46 39 48 44 54 50 49 37 43 40 48 45 40 45 46 47 55 47 54 51 51 46 42 46 45 51 42 46 40 46 53 54 48 48 50 50 54 43 50 49 48 45 53 46 41 43 42 45 47 41 47 54 54 42 43 39 50 48 43 53 53 46 54 46 50 51 43 49 43 44 
51 44 46 40 50 39 42 38 45 45 39 45 40 50 52 39 47 43 45 43 52 44 48 49 43 45 47 47 47 52 48 42 40 45 48 49 52 49 37 61 43 45 49 48 50 51 54 51 51 49 48 45 50 53 49 55 54 54 53 46 53 53 50 53 49 53 58 54 40 55 53 56 44 50 51 50 52 48 51 53 
44 49 46 40 45 36 44 51 50 40 45 50 40 49 38 53 51 49 45 53 46 46 44 53 51 55 55 53 53 53 50 48 48 53 51 48 55 55 56 53 44 44 43 58 52 60 53 57 54 51 54 62 50 52 58 49 45 52 54 52 50 54 45 55 53 60 51 60 52 54 55 53 45 48 53 48 60 53 56 52 
36 47 48 54 39 42 39 41 43 35 40 48 47 54 46 51 44 39 41 47 58 57 47 44 44 37 43 48 43 50 52 55 55 49 57 50 49 46 55 48 51 47 43 48 50 54 57 48 51 53 59 48 47 44 49 50 54 53 49 39 48 50 46 52 48 46 51 50 52 50 49 39 52 46 51 56 42 56 55 54 
41 45 50 46 45 43 42 43 50 43 50 43 50 48 54 38 47 52 51 45 52 52 50 55 53 52 57 54 52 49 48 50 53 52 54 49 48 48 50 54 61 45 48 52 52 56 55 54 58 55 54 58 50 54 51 54 54 45 44 53 48 52 54 51 47 57 57 58 46 46 56 55 51 50 45 54 51 50 56 51 
48 36 52 45 54 45 51 54 49 53 46 52 53 49 47 47 53 54 53 53 52 55 55 51 58 50 60 55 40 51 55 58 60 57 50 49 53 51 59 54 52 54 57 47 64 58 51 52 60 59 51 59 56 51 54 50 51 58 58 46 55 53 58 55 53 62 55 54 53 47 55 54 55 49 55 59 56 49 52 59 
50 46 37 44 45 39 55 50 48 53 47 46 56 38 43 54 38 53 37 52 57 52 50 51 53 52 53 48 51 49 54 52 52 55 55 51 42 48 47 54 53 55 48 53 57 53 50 50 54 57 52 56 46 50 52 47 56 49 45 55 53 52 45 53 49 56 55 50 54 56 50 44 50 40 50 44 48 52 58 52 
36 51 44 35 46 36 38 49 48 42 52 50 46 37 57 50 42 51 49 47 51 55 53 56 50 39 50 52 53 47 50 47 46 40 48 44 55 47 49 51 46 50 50 53 53 47 51 46 54 53 53 56 49 54 45 46 52 51 39 42 48 47 54 42 59 51 55 48 53 52 49 45 43 48 55 49 55 51 48 46 
46 41 38 40 49 54 46 40 48 61 54 48 60 55 48 52 49 38 52 50 52 52 58 55 52 58 50 56 48 46 46 46 56 47 52 53 53 58 53 49 56 53 51 50 60 59 59 58 59 55 55 57 52 54 52 47 55 50 47 50 52 54 45 49 53 49 54 52 52 55 50 57 50 52 57 51 56 46 55 53 
36 38 38 21 58 74 50 39 65 86 42 32 57 57 59 33 42 36 43 34 42 82 86 79 83 81 49 34 51 38 35 34 40 45 45 38 47 52 65 73 73 70 66 48 41 45 49 59 52 58 53 63 43 44 41 62 69 56 48 50 45 47 47 48 49 39 44 49 52 42 50 44 52 47 51 45 54 45 51 47 
38 33 32 36 48 97 105 110 107 69 38 50 53 58 53 32 37 44 41 46 50 47 96 111 104 51 46 53 53 58 44 35 48 45 44 30 36 35 32 48 55 48 46 45 36 50 47 60 59 53 60 59 49 50 48 53 35 45 47 48 48 39 49 48 38 47 37 47 41 41 41 39 41 41 38 44 46 46 40 46 
40 48 49 45 38 27 50 54 47 47 48 44 60 56 53 45 47 40 40 45 45 45 55 46 48 37 43 47 50 52 41 46 54 51 50 41 50 50 49 52 51 52 49 44 37 48 52 65 69 67 61 62 43 43 37 41 53 54 53 48 46 50 45 55 43 42 49 41 41 41 42 46 37 41 37 57 44 49 49 49 
31 26 34 47 47 44 40 41 45 45 45 39 48 60 47 31 41 42 48 55 55 49 83 110 80 54 49 41 37 36 26 46 45 49 45 43 47 52 58 122 154 149 110 47 41 36 47 62 64 65 59 52 32 37 49 148 152 157 154 155 154 141 36 41 28 40 34 41 39 37 36 51 39 115 146 143 141 70 45 34 
40 35 45 44 49 121 135 134 92 50 35 38 56 61 51 41 44 51 54 51 67 154 157 159 157 152 59 35 51 37 38 44 52 44 56 56 58 53 158 167 166 166 163 147 45 51 55 59 60 63 61 68 43 49 54 149 150 151 146 159 167 155 45 45 36 38 31 50 43 55 51 55 88 153 151 137 157 148 64 39 
47 43 38 53 131 138 134 138 141 90 40 35 53 59 50 48 32 58 56 56 149 161 100 67 144 163 124 50 44 48 47 42 53 56 63 53 58 113 166 139 64 66 156 165 62 42 45 69 65 68 74 54 43 51 53 63 61 60 54 154 165 99 44 51 49 54 40 50 52 59 57 57 143 155 60 58 51 158 148 43 
37 49 37 82 141 69 53 57 140 133 41 44 55 61 42 41 39 59 61 55 161 152 63 57 66 166 151 60 69 69 46 34 39 47 55 64 52 147 169 72 55 68 124 164 60 49 46 57 66 69 69 65 47 49 68 65 64 61 65 169 169 61 46 52 59 38 33 46 35 63 57 60 147 162 60 49 50 153 157 30 
43 42 46 113 142 58 60 67 149 141 38 43 62 55 47 40 38 58 64 64 158 147 66 65 69 164 153 47 45 50 37 36 39 46 66 72 76 154 179 90 84 82 133 177 62 49 47 69 65 71 67 68 56 74 70 61 67 65 121 176 137 70 42 40 44 40 36 44 40 57 62 56 142 158 60 44 42 151 152 51 
38 52 49 128 147 59 62 67 154 139 45 35 60 66 41 36 46 68 57 68 160 151 66 66 83 168 149 46 46 53 42 46 46 42 72 75 74 151 177 96 81 97 129 176 75 46 50 70 68 71 70 74 54 89 74 76 62 76 172 175 79 71 45 45 43 39 44 47 39 65 65 75 130 157 65 56 60 148 154 55 
39 47 43 121 143 70 71 78 153 138 46 31 57 60 43 38 46 68 61 68 160 142 66 60 73 168 145 49 65 80 40 40 40 48 78 75 71 156 180 98 85 84 122 176 81 59 47 69 64 78 71 68 51 79 65 66 71 72 175 166 68 58 51 39 43 35 26 39 32 58 64 66 114 154 58 49 55 146 152 54 
35 47 59 133 145 67 75 75 152 130 49 41 66 62 34 46 50 73 66 73 162 143 62 67 74 165 146 55 65 92 37 42 54 44 71 70 67 150 171 84 59 73 115 168 88 61 55 74 56 63 60 66 56 64 67 66 61 98 171 148 63 56 56 58 49 44 32 41 40 59 56 59 112 157 76 63 56 146 156 70 
43 58 49 130 147 70 87 76 152 137 41 52 61 60 54 57 48 75 68 71 161 142 58 63 68 166 145 56 56 57 51 42 62 76 64 62 65 144 169 81 51 51 127 162 69 49 44 70 64 70 69 66 50 59 54 54 58 137 165 100 58 60 49 44 45 54 41 46 49 61 55 54 84 153 127 61 57 152 154 63 
44 47 51 125 147 75 77 83 148 124 43 45 59 53 44 32 43 70 67 72 155 157 61 59 127 161 117 50 49 50 38 33 49 64 67 73 59 90 162 156 68 96 156 157 49 59 53 66 59 61 63 67 50 49 59 45 50 152 161 60 43 54 52 43 54 46 41 35 35 51 45 48 48 147 147 145 146 148 117 56 
43 45 32 74 139 135 116 142 141 76 53 57 60 58 41 41 48 69 61 60 117 151 149 155 152 152 66 44 56 42 38 39 43 45 60 62 64 56 139 156 157 157 153 104 48 42 42 51 55 62 61 61 52 40 54 47 45 151 150 56 47 48 62 47 46 51 49 34 43 53 46 51 59 52 140 140 138 118 51 47 
53 46 49 56 64 63 65 67 63 59 53 54 64 61 53 52 50 62 53 51 49 80 91 84 95 59 53 41 52 52 53 53 57 48 54 53 60 56 60 67 102 93 68 57 55 50 54 64 58 65 53 59 52 55 54 55 50 84 88 53 53 53 48 51 46 42 53 44 45 50 50 52 57 55 53 53 47 46 52 50 
53 48 53 53 61 56 54 52 56 64 56 53 56 59 51 59 56 61 62 58 57 56 58 63 54 60 64 64 61 62 62 70 65 61 60 59 68 63 68 73 64 66 60 65 63 69 56 57 58 55 59 54 48 56 54 50 59 58 57 59 54 56 63 44 51 55 44 55 57 46 42 57 48 49 49 54 53 52 49 43 
56 57 56 55 57 52 47 47 59 59 54 61 60 61 62 62 52 60 64 58 61 60 67 56 64 64 62 61 65 63 61 65 69 64 66 64 69 69 60 61 71 72 62 66 66 60 64 56 57 52 57 55 62 63 60 61 51 64 62 60 65 57 51 55 52 56 57 56 55 53 57 55 55 58 49 52 58 52 50 56 
58 53 51 55 55 57 59 55 55 59 55 57 62 55 51 54 65 58 59 63 61 61 58 67 65 63 61 64 65 60 63 63 69 63 69 68 71 71 67 58 67 65 64 63 64 64 64 56 54 63 61 63 47 62 58 56 56 57 52 53 53 57 60 54 59 55 51 46 57 49 59 53 53 60 57 56 57 60 60 65 
50 52 52 60 47 48 53 56 51 57 45 51 56 57 59 52 60 51 53 55 58 54 59 58 60 62 56 66 61 68 60 51 62 62 58 64 54 64 58 64 59 58 64 57 63 52 56 51 57 58 57 53 46 52 55 55 55 56 51 52 50 57 54 47 52 52 42 49 50 56 46 53 50 49 56 47 56 53 52 41 
55 49 51 53 50 59 44 51 58 60 61 52 58 63 55 66 58 56 58 63 60 59 57 63 66 60 64 64 57 58 62 57 63 62 63 61 59 60 63 58 64 52 58 61 60 61 61 53 58 51 49 57 51 57 52 53 52 58 44 52 52 53 57 53 56 53 49 57 46 55 46 56 50 49 56 54 50 56 47 52 
57 59 54 49 63 60 55 59 62 65 56 61 66 66 67 65 60 61 61 60 65 59 63 65 63 66 63 58 60 66 61 65 61 64 66 58 65 58 59 59 64 65 60 58 57 61 59 58 52 58 59 63 61 51 59 59 47 58 58 52 49 52 48 54 50 59 50 56 57 53 51 58 58 49 57 58 53 57 55 48 
50 54 51 54 53 60 53 56 59 57 48 51 62 64 62 59 64 61 59 63 58 54 58 61 48 61 54 60 63 59 55 64 61 60 54 55 62 55 63 56 58 58 55 58 63 51 62 51 55 49 47 53 54 46 57 55 48 50 47 47 46 54 51 55 46 52 54 50 49 47 55 52 56 39 44 52 52 50 46 47 
60 53 52 60 50 67 52 56 61 54 60 57 62 53 54 53 59 56 56 55 60 59 63 54 63 63 60 62 59 63 58 62 58 59 58 57 55 61 55 55 56 58 57 60 57 61 57 59 51 52 56 55 57 54 57 51 51 51 60 49 47 53 53 55 48 60 58 43 55 47 49 44 49 56 54 55 48 53 54 57 
55 56 43 58 57 64 64 54 58 57 68 54 58 64 64 58 62 52 60 57 69 55 53 62 55 59 64 65 58 61 60 58 65 65 58 60 60 54 61 56 53 60 60 55 62 56 58 57 57 55 57 54 58 57 55 60 62 48 58 50 50 51 52 55 53 55 51 48 55 53 53 54 47 56 59 50 53 51 50 53 
46 52 44 54 61 50 59 58 52 58 63 51 54 55 52 59 56 53 55 58 59 54 55 55 53 54 62 58 59 60 55 60 54 50 52 51 51 54 53 54 46 53 49 53 57 50 50 47 55 47 50 48 47 42 51 48 49 51 50 41 53 54 55 47 50 49 52 49 58 46 51 44 42 52 43 49 49 42 46 55 
44 49 49 57 55 56 56 56 56 57 51 56 51 47 61 57 54 55 56 60 57 60 58 52 47 58 59 63 54 59 59 53 58 52 47 50 43 57 53 59 55 54 53 54 51 56 56 54 53 56 45 50 47 47 50 53 51 53 51 50 44 52 53 48 39 54 43 48 45 47 46 41 38 46 46 51 47 39 50 44 
58 41 59 54 55 58 61 51 60 57 60 55 61 58 51 53 51 62 60 55 58 57 64 57 60 62 61 56 59 58 55 65 55 54 55 52 55 51 51 51 58 65 50 51 52 51 48 56 57 55 56 59 56 54 45 53 56 57 49 55 51 54 55 40 54 55 48 52 53 50 52 47 50 47 48 58 56 54 53 48 
54 51 53 55 58 50 56 59 53 52 47 60 57 52 55 58 59 45 50 49 57 55 47 54 52 56 54 55 56 42 57 58 51 54 57 57 51 50 59 44 50 49 52 58 54 49 52 43 52 50 44 48 44 52 46 48 45 50 44 49 50 48 49 42 57 49 45 55 42 46 41 48 43 48 42 47 48 45 38 39 
44 54 55 55 52 46 58 56 50 55 59 65 51 52 62 57 58 60 56 50 54 55 59 49 58 47 60 51 55 50 61 61 58 47 48 57 54 45 51 51 54 56 48 43 55 47 59 52 46 46 56 43 49 47 41 53 46 44 46 53 56 47 47 45 52 51 56 46 40 47 46 47 47 46 49 45 44 47 53 46 
48 59 55 50 54 60 57 62 58 50 50 53 59 59 65 59 60 57 56 57 61 56 60 63 53 59 57 61 58 58 55 65 53 58 62 47 51 49 53 49 58 57 55 57 56 48 54 46 51 58 48 46 59 55 58 58 52 53 58 49 51 53 50 50 58 54 52 44 42 46 49 47 48 47 51 47 46 48 50 46 
47 48 49 54 55 51 53 57 55 54 52 53 51 52 47 53 54 55 46 49 57 48 55 50 58 49 54 48 57 59 61 52 53 57 63 46 48 56 56 48 51 38 42 47 54 44 47 44 48 46 55 38 50 43 48 49 44 48 50 53 54 45 40 47 47 44 53 47 42 42 41 38 53 38 42 37 42 39 44 31 
53 52 51 47 46 54 55 50 54 57 49 55 60 59 57 52 54 62 54 49 53 51 60 60 63 49 65 65 61 70 63 65 60 57 54 53 55 47 51 56 44 54 54 52 50 49 52 46 53 49 50 55 56 57 46 53 55 38 46 44 49 48 54 53 50 46 36 40 54 47 48 57 45 44 44 43 47 50 49 48 
61 58 48 58 58 60 57 59 59 59 55 57 61 58 48 57 60 54 52 58 60 52 59 53 57 63 71 66 79 93 87 65 72 54 49 56 52 45 63 54 51 44 51 55 58 56 58 52 51 52 52 55 52 53 48 53 54 58 47 51 53 53 56 46 43 49 50 53 51 53 57 50 46 40 47 50 58 47 51 52 
46 49 37 43 50 55 48 55 45 60 53 59 52 57 58 47 53 51 61 50 52 48 56 56 58 53 64 62 80 95 79 62 61 55 51 46 50 50 50 46 49 47 46 54 52 41 50 51 50 48 49 54 37 35 49 50 49 55 55 39 45 53 46 52 43 49 55 48 54 40 51 50 45 47 52 51 49 43 52 58 
48 48 40 47 48 51 48 51 49 51 52 58 54 52 54 49 58 62 61 52 57 65 57 58 63 60 69 56 67 77 69 66 68 55 62 48 51 52 49 47 47 54 55 51 47 54 57 40 54 57 54 47 50 60 52 46 53 49 54 53 55 55 51 55 52 54 56 61 50 57 44 56 52 62 48 50 42 48 48 48 
47 47 39 36 46 40 43 49 47 46 52 45 45 50 54 48 51 50 51 47 50 56 54 58 60 55 59 67 62 65 60 67 62 70 64 64 63 64 66 66 64 66 55 56 61 62 59 61 59 61 60 61 61 61 60 58 51 57 59 59 59 61 57 60 58 53 49 47 54 55 59 51 56 52 50 55 57 52 56 52 
31 42 28 29 38 35 34 34 27 44 42 49 39 36 46 43 49 40 41 38 54 42 43 46 45 48 54 45 51 53 48 53 47 55 53 41 49 45 44 48 52 54 51 59 54 52 53 55 44 51 45 51 47 41 54 45 50 55 56 54 51 57 43 50 51 51 51 50 48 49 44 43 50 51 46 42 37 48 52 53 
36 44 43 39 38 33 44 35 42 43 49 39 41 42 47 41 33 41 45 44 39 47 46 43 43 41 48 48 56 48 48 34 42 48 51 38 51 37 44 44 44 47 46 45 49 49 53 50 38 44 43 50 39 41 48 56 48 49 53 45 61 53 54 52 41 50 48 49 52 50 47 44 52 48 49 49 47 49 52 49 
47 48 43 43 51 46 40 45 39 49 46 42 38 35 44 41 38 40 39 38 51 43 47 42 45 48 43 51 55 56 50 41 47 46 56 44 41 51 47 52 51 47 47 48 49 53 46 39 43 49 45 47 41 35 49 48 44 49 48 54 53 48 51 53 44 55 52 53 54 46 51 49 45 45 52 46 49 55 50 43 
41 38 34 44 43 42 38 32 48 37 36 36 48 38 50 42 45 35 40 44 44 39 44 41 40 49 44 38 40 42 48 41 52 41 40 43 34 50 47 39 40 48 49 44 37 50 28 38 44 47 44 44 42 43 50 38 45 33 44 45 46 41 46 39 42 32 37 36 45 50 43 52 53 41 51 53 46 50 48 50 
34 35 36 46 34 34 35 36 41 51 45 46 45 35 40 42 41 45 38 42 47 46 45 43 38 43 46 44 49 37 45 43 48 43 32 40 42 46 45 43 49 44 44 47 43 48 41 50 42 43 50 44 44 44 51 48 43 41 42 44 40 46 45 49 33 44 47 45 37 46 39 47 52 43 41 48 35 40 52 39 
32 50 45 45 32 43 44 37 35 41 37 40 42 41 46 47 40 41 48 42 36 40 48 51 47 33 49 41 54 47 50 52 46 46 52 50 43 53 42 46 47 45 47 45 41 52 44 43 44 51 45 48 55 51 52 48 44 46 52 54 51 40 50 42 47 44 53 44 52 42 47 46 57 48 48 38 41 41 48 49 
42 38 33 43 34 32 40 34 32 38 33 45 40 42 36 42 40 36 50 41 51 44 39 40 42 36 39 48 45 36 43 47 42 50 44 41 54 43 35 46 43 47 41 40 45 46 52 42 44 39 44 42 43 46 48 43 43 42 45 35 37 50 34 35 47 39 31 41 50 49 38 42 46 46 46 47 51 40 47 39 
43 46 44 43 38 37 34 44 43 39 44 38 48 39 39 48 40 42 41 36 49 42 50 40 39 39 46 36 43 45 49 47 49 52 44 42 43 28 36 48 41 44 37 44 42 42 49 44 38 43 39 43 44 51 47 54 41 45 47 46 42 47 49 49 38 53 48 39 46 44 43 49 44 47 43 38 36 42 33 53 
40 39 38 46 38 41 27 32 45 36 36 45 48 47 46 40 48 49 46 44 41 40 40 41 49 45 43 45 45 45 42 38 46 52 52 46 46 54 48 41 43 44 46 50 47 49 46 42 42 45 31 50 47 51 42 44 48 45 46 44 46 49 46 47 45 47 40 46 50 44 40 45 53 52 51 54 51 46 47 52 
44 43 37 41 48 28 40 42 40 49 40 41 46 34 46 44 33 41 46 36 39 48 43 46 43 48 36 45 45 40 38 42 38 40 41 45 37 44 53 36 39 45 45 46 43 39 45 40 43 47 41 43 43 38 39 42 39 44 37 37 44 51 53 44 46 40 41 43 41 32 39 35 48 39 51 51 44 47 39 44 
0 0 0 0 0 0 0 0 0 0 0 0 0 0 0 0 0 0 0 0 0 0 0 0 0 0 0 0 0 0 0 0 0 0 0 0 0 0 0 0 0 0 0 0 0 0 0 0 0 0 0 0 0 0 0 0 0 0 0 0 0 0 0 0 0 0 0 0 0 0 0 0 0 0 0 0 0 0 0 0 
0 0 0 0 0 0 0 0 0 0 0 0 0 0 0 0 0 0 0 0 0 0 0 0 0 0 0 0 0 0 0 0 0 0 0 0 0 0 0 0 0 0 0 0 0 0 0 0 0 0 0 0 0 0 0 0 0 0 0 0 0 0 0 0 0 0 0 0 0 0 0 0 0 0 0 0 0 0 0 0 
0 0 0 0 0 0 0 0 0 0 0 0 0 0 0 0 0 0 0 0 0 0 0 0 0 0 0 0 0 0 0 0 0 0 0 0 0 0 0 0 0 0 0 0 0 0 0 0 0 0 0 0 0 0 0 0 0 0 0 0 0 0 0 0 0 0 0 0 0 0 0 0 0 0 0 0 0 0 0 0 
0 0 0 0 0 0 0 0 0 0 0 0 0 0 0 0 0 0 0 0 0 0 0 0 0 0 0 0 0 0 0 0 0 0 0 0 0 0 0 0 0 0 0 0 0 0 0 0 0 0 0 0 0 0 0 0 0 0 0 0 0 0 0 0 0 0 0 0 0 0 0 0 0 0 0 0 0 0 0 0 
0 0 0 0 0 0 0 0 0 0 0 0 0 0 0 0 0 0 0 0 0 0 0 0 0 0 0 0 0 0 0 0 0 0 0 0 0 0 0 0 0 0 0 0 0 0 0 0 0 0 0 0 0 0 0 0 0 0 0 0 0 0 0 0 0 0 0 0 0 0 0 0 0 0 0 0 0 0 0 0 
0 0 0 0 0 0 0 0 0 0 0 0 0 0 0 0 0 0 0 0 0 0 0 0 0 0 0 0 0 0 0 0 0 0 0 0 0 0 0 0 0 0 0 0 0 0 0 0 0 0 0 0 0 0 0 0 0 0 0 0 0 0 0 0 0 0 0 0 0 0 0 0 0 0 0 0 0 0 0 0 
0 0 0 0 0 0 0 0 0 0 0 0 0 0 0 0 0 0 0 0 0 0 0 0 0 0 0 0 0 0 0 0 0 0 0 0 0 0 0 0 0 0 0 0 0 0 0 0 0 0 0 0 0 0 0 0 0 0 0 0 0 0 0 0 0 0 0 0 0 0 0 0 0 0 0 0 0 0 0 0 
0 0 0 0 0 0 0 0 0 0 0 0 0 0 0 0 0 0 0 0 0 0 0 0 0 0 0 0 0 0 0 0 0 0 0 0 0 0 0 0 0 0 0 0 0 0 0 0 0 0 0 0 0 0 0 0 0 0 0 0 0 0 0 0 0 0 0 0 0 0 0 0 0 0 0 0 0 0 0 0 
0 0 0 0 0 0 0 0 0 0 0 0 0 0 0 0 0 0 0 0 0 0 0 0 0 0 0 0 0 0 0 0 0 0 0 0 0 0 0 0 0 0 0 0 0 0 0 0 0 0 0 0 0 0 0 0 0 0 0 0 0 0 0 0 0 0 0 0 0 0 0 0 0 0 0 0 0 0 0 0 
0 0 0 0 0 0 0 0 0 0 0 0 0 0 0 0 0 0 0 0 0 0 0 0 0 0 0 0 0 0 0 0 0 0 0 0 0 0 0 0 0 0 0 0 0 0 0 0 0 0 0 0 0 0 0 0 0 0 0 0 0 0 0 0 0 0 0 0 0 0 0 0 0 0 0 0 0 0 0 0 
0 0 0 0 0 0 0 0 0 0 0 0 0 0 0 0 0 0 0 0 0 0 0 0 0 0 0 0 0 0 0 0 0 0 0 0 0 0 0 0 0 0 0 0 0 0 0 0 0 0 0 0 0 0 0 0 0 0 0 0 0 0 0 0 0 0 0 0 0 0 0 0 0 0 0 0 0 0 0 0 
0 0 0 0 0 0 0 0 0 0 0 0 0 0 0 0 0 0 0 0 0 0 0 0 0 0 0 0 0 0 0 0 0 0 0 0 0 0 0 0 0 0 0 0 0 0 0 0 0 0 0 0 0 0 0 0 0 0 0 0 0 0 0 0 0 0 0 0 0 0 0 0 0 0 0 0 0 0 0 0 
0 0 0 0 0 0 0 0 0 0 0 0 0 0 0 0 0 0 0 0 0 0 0 0 0 0 0 0 0 0 0 0 0 0 0 0 0 0 0 0 0 0 0 0 0 0 0 0 0 0 0 0 0 0 0 0 0 0 0 0 0 0 0 0 0 0 0 0 0 0 0 0 0 0 0 0 0 0 0 0 
0 0 0 0 0 0 0 0 0 0 0 0 0 0 0 0 0 0 0 0 0 0 0 0 0 0 0 0 0 0 0 0 0 0 0 0 0 0 0 0 0 0 0 0 0 0 0 0 0 0 0 0 0 0 0 0 0 0 0 0 0 0 0 0 0 0 0 0 0 0 0 0 0 0 0 0 0 0 0 0 
0 0 0 0 0 0 0 0 0 0 0 0 0 0 0 0 0 0 0 0 0 0 0 0 0 0 0 0 0 0 0 0 0 0 0 0 0 0 0 0 0 0 0 0 0 0 0 0 0 0 0 0 0 0 0 0 0 0 0 0 0 0 0 0 0 0 0 0 0 0 0 0 0 0 0 0 0 0 0 0 
0 0 0 0 0 0 1 1 1 0 0 0 0 0 0 0 0 0 0 0 0 0 0 1 1 0 0 0 0 0 0 0 0 0 0 0 0 0 0 0 0 0 0 0 0 0 0 0 0 0 0 0 0 0 0 0 0 0 0 0 0 0 0 0 0 0 0 0 0 0 0 0 0 0 0 0 0 0 0 0 
0 0 0 0 0 0 0 0 0 0 0 0 0 0 0 0 0 0 0 0 0 0 0 0 0 0 0 0 0 0 0 0 0 0 0 0 0 0 0 0 0 0 0 0 0 0 0 0 0 0 0 0 0 0 0 0 0 0 0 0 0 0 0 0 0 0 0 0 0 0 0 0 0 0 0 0 0 0 0 0 
0 0 0 0 0 0 0 0 0 0 0 0 0 0 0 0 0 0 0 0 0 0 0 1 0 0 0 0 0 0 0 0 0 0 0 0 0 0 0 1 1 1 1 0 0 0 0 0 0 0 0 0 0 0 0 1 1 1 1 1 1 1 0 0 0 0 0 0 0 0 0 0 0 1 1 1 1 0 0 0 
0 0 0 0 0 1 1 1 0 0 0 0 0 0 0 0 0 0 0 0 0 1 1 1 1 1 0 0 0 0 0 0 0 0 0 0 0 0 1 1 1 1 1 1 0 0 0 0 0 0 0 0 0 0 0 1 1 1 1 1 1 1 0 0 0 0 0 0 0 0 0 0 0 1 1 1 1 1 0 0 
0 0 0 0 1 1 1 1 1 0 0 0 0 0 0 0 0 0 0 0 1 1 1 0 1 1 1 0 0 0 0 0 0 0 0 0 0 1 1 1 0 0 1 1 0 0 0 0 0 0 0 0 0 0 0 0 0 0 0 1 1 1 0 0 0 0 0 0 0 0 0 0 1 1 0 0 0 1 1 0 
0 0 0 0 1 0 0 0 1 1 0 0 0 0 0 0 0 0 0 0 1 1 0 0 0 1 1 0 0 0 0 0 0 0 0 0 0 1 1 0 0 0 1 1 0 0 0 0 0 0 0 0 0 0 0 0 0 0 0 1 1 0 0 0 0 0 0 0 0 0 0 0 1 1 0 0 0 1 1 0 
0 0 0 1 1 0 0 0 1 1 0 0 0 0 0 0 0 0 0 0 1 1 0 0 0 1 1 0 0 0 0 0 0 0 0 0 0 1 1 0 0 0 1 1 0 0 0 0 0 0 0 0 0 0 0 0 0 0 1 1 1 0 0 0 0 0 0 0 0 0 0 0 1 1 0 0 0 1 1 0 
0 0 0 1 1 0 0 0 1 1 0 0 0 0 0 0 0 0 0 0 1 1 0 0 0 1 1 0 0 0 0 0 0 0 0 0 0 1 1 0 0 0 1 1 0 0 0 0 0 0 0 0 0 0 0 0 0 0 1 1 0 0 0 0 0 0 0 0 0 0 0 0 1 1 0 0 0 1 1 0 
0 0 0 1 1 0 0 0 1 1 0 0 0 0 0 0 0 0 0 0 1 1 0 0 0 1 1 0 0 0 0 0 0 0 0 0 0 1 1 1 0 0 1 1 0 0 0 0 0 0 0 0 0 0 0 0 0 0 1 1 0 0 0 0 0 0 0 0 0 0 0 0 1 1 0 0 0 1 1 0 
0 0 0 1 1 0 0 0 1 1 0 0 0 0 0 0 0 0 0 0 1 1 0 0 0 1 1 0 0 0 0 0 0 0 0 0 0 1 1 0 0 0 1 1 0 0 0 0 0 0 0 0 0 0 0 0 0 1 1 1 0 0 0 0 0 0 0 0 0 0 0 0 1 1 0 0 0 1 1 0 
0 0 0 1 1 0 0 0 1 1 0 0 0 0 0 0 0 0 0 0 1 1 0 0 0 1 1 0 0 0 0 0 0 0 0 0 0 1 1 0 0 0 1 1 0 0 0 0 0 0 0 0 0 0 0 0 0 1 1 1 0 0 0 0 0 0 0 0 0 0 0 0 0 1 1 0 0 1 1 0 
0 0 0 1 1 0 0 0 1 1 0 0 0 0 0 0 0 0 0 0 1 1 0 0 1 1 1 0 0 0 0 0 0 0 0 0 0 0 1 1 0 0 1 1 0 0 0 0 0 0 0 0 0 0 0 0 0 1 1 0 0 0 0 0 0 0 0 0 0 0 0 0 0 1 1 1 1 1 1 0 
0 0 0 0 1 1 1 1 1 0 0 0 0 0 0 0 0 0 0 0 1 1 1 1 1 1 0 0 0 0 0 0 0 0 0 0 0 0 1 1 1 1 1 1 0 0 0 0 0 0 0 0 0 0 0 0 0 1 1 0 0 0 0 0 0 0 0 0 0 0 0 0 0 0 1 1 1 1 0 0 
0 0 0 0 0 0 0 0 0 0 0 0 0 0 0 0 0 0 0 0 0 0 0 0 0 0 0 0 0 0 0 0 0 0 0 0 0 0 0 0 1 0 0 0 0 0 0 0 0 0 0 0 0 0 0 0 0 0 0 0 0 0 0 0 0 0 0 0 0 0 0 0 0 0 0 0 0 0 0 0 
0 0 0 0 0 0 0 0 0 0 0 0 0 0 0 0 0 0 0 0 0 0 0 0 0 0 0 0 0 0 0 0 0 0 0 0 0 0 0 0 0 0 0 0 0 0 0 0 0 0 0 0 0 0 0 0 0 0 0 0 0 0 0 0 0 0 0 0 0 0 0 0 0 0 0 0 0 0 0 0 
0 0 0 0 0 0 0 0 0 0 0 0 0 0 0 0 0 0 0 0 0 0 0 0 0 0 0 0 0 0 0 0 0 0 0 0 0 0 0 0 0 0 0 0 0 0 0 0 0 0 0 0 0 0 0 0 0 0 0 0 0 0 0 0 0 0 0 0 0 0 0 0 0 0 0 0 0 0 0 0 
0 0 0 0 0 0 0 0 0 0 0 0 0 0 0 0 0 0 0 0 0 0 0 0 0 0 0 0 0 0 0 0 0 0 0 0 0 0 0 0 0 0 0 0 0 0 0 0 0 0 0 0 0 0 0 0 0 0 0 0 0 0 0 0 0 0 0 0 0 0 0 0 0 0 0 0 0 0 0 0 
0 0 0 0 0 0 0 0 0 0 0 0 0 0 0 0 0 0 0 0 0 0 0 0 0 0 0 0 0 0 0 0 0 0 0 0 0 0 0 0 0 0 0 0 0 0 0 0 0 0 0 0 0 0 0 0 0 0 0 0 0 0 0 0 0 0 0 0 0 0 0 0 0 0 0 0 0 0 0 0 
0 0 0 0 0 0 0 0 0 0 0 0 0 0 0 0 0 0 0 0 0 0 0 0 0 0 0 0 0 0 0 0 0 0 0 0 0 0 0 0 0 0 0 0 0 0 0 0 0 0 0 0 0 0 0 0 0 0 0 0 0 0 0 0 0 0 0 0 0 0 0 0 0 0 0 0 0 0 0 0 
0 0 0 0 0 0 0 0 0 0 0 0 0 0 0 0 0 0 0 0 0 0 0 0 0 0 0 0 0 0 0 0 0 0 0 0 0 0 0 0 0 0 0 0 0 0 0 0 0 0 0 0 0 0 0 0 0 0 0 0 0 0 0 0 0 0 0 0 0 0 0 0 0 0 0 0 0 0 0 0 
0 0 0 0 0 0 0 0 0 0 0 0 0 0 0 0 0 0 0 0 0 0 0 0 0 0 0 0 0 0 0 0 0 0 0 0 0 0 0 0 0 0 0 0 0 0 0 0 0 0 0 0 0 0 0 0 0 0 0 0 0 0 0 0 0 0 0 0 0 0 0 0 0 0 0 0 0 0 0 0 
0 0 0 0 0 0 0 0 0 0 0 0 0 0 0 0 0 0 0 0 0 0 0 0 0 0 0 0 0 0 0 0 0 0 0 0 0 0 0 0 0 0 0 0 0 0 0 0 0 0 0 0 0 0 0 0 0 0 0 0 0 0 0 0 0 0 0 0 0 0 0 0 0 0 0 0 0 0 0 0 
0 0 0 0 0 0 0 0 0 0 0 0 0 0 0 0 0 0 0 0 0 0 0 0 0 0 0 0 0 0 0 0 0 0 0 0 0 0 0 0 0 0 0 0 0 0 0 0 0 0 0 0 0 0 0 0 0 0 0 0 0 0 0 0 0 0 0 0 0 0 0 0 0 0 0 0 0 0 0 0 
0 0 0 0 0 0 0 0 0 0 0 0 0 0 0 0 0 0 0 0 0 0 0 0 0 0 0 0 0 0 0 0 0 0 0 0 0 0 0 0 0 0 0 0 0 0 0 0 0 0 0 0 0 0 0 0 0 0 0 0 0 0 0 0 0 0 0 0 0 0 0 0 0 0 0 0 0 0 0 0 
0 0 0 0 0 0 0 0 0 0 0 0 0 0 0 0 0 0 0 0 0 0 0 0 0 0 0 0 0 0 0 0 0 0 0 0 0 0 0 0 0 0 0 0 0 0 0 0 0 0 0 0 0 0 0 0 0 0 0 0 0 0 0 0 0 0 0 0 0 0 0 0 0 0 0 0 0 0 0 0 
0 0 0 0 0 0 0 0 0 0 0 0 0 0 0 0 0 0 0 0 0 0 0 0 0 0 0 0 0 0 0 0 0 0 0 0 0 0 0 0 0 0 0 0 0 0 0 0 0 0 0 0 0 0 0 0 0 0 0 0 0 0 0 0 0 0 0 0 0 0 0 0 0 0 0 0 0 0 0 0 
0 0 0 0 0 0 0 0 0 0 0 0 0 0 0 0 0 0 0 0 0 0 0 0 0 0 0 0 0 0 0 0 0 0 0 0 0 0 0 0 0 0 0 0 0 0 0 0 0 0 0 0 0 0 0 0 0 0 0 0 0 0 0 0 0 0 0 0 0 0 0 0 0 0 0 0 0 0 0 0 
0 0 0 0 0 0 0 0 0 0 0 0 0 0 0 0 0 0 0 0 0 0 0 0 0 0 0 0 0 0 0 0 0 0 0 0 0 0 0 0 0 0 0 0 0 0 0 0 0 0 0 0 0 0 0 0 0 0 0 0 0 0 0 0 0 0 0 0 0 0 0 0 0 0 0 0 0 0 0 0 
0 0 0 0 0 0 0 0 0 0 0 0 0 0 0 0 0 0 0 0 0 0 0 0 0 0 0 0 0 0 0 0 0 0 0 0 0 0 0 0 0 0 0 0 0 0 0 0 0 0 0 0 0 0 0 0 0 0 0 0 0 0 0 0 0 0 0 0 0 0 0 0 0 0 0 0 0 0 0 0 
0 0 0 0 0 0 0 0 0 0 0 0 0 0 0 0 0 0 0 0 0 0 0 0 0 0 0 0 0 0 0 0 0 0 0 0 0 0 0 0 0 0 0 0 0 0 0 0 0 0 0 0 0 0 0 0 0 0 0 0 0 0 0 0 0 0 0 0 0 0 0 0 0 0 0 0 0 0 0 0 
0 0 0 0 0 0 0 0 0 0 0 0 0 0 0 0 0 0 0 0 0 0 0 0 0 0 0 0 0 0 0 0 0 0 0 0 0 0 0 0 0 0 0 0 0 0 0 0 0 0 0 0 0 0 0 0 0 0 0 0 0 0 0 0 0 0 0 0 0 0 0 0 0 0 0 0 0 0 0 0 
0 0 0 0 0 0 0 0 0 0 0 0 0 0 0 0 0 0 0 0 0 0 0 0 0 0 0 0 0 0 0 0 0 0 0 0 0 0 0 0 0 0 0 0 0 0 0 0 0 0 0 0 0 0 0 0 0 0 0 0 0 0 0 0 0 0 0 0 0 0 0 0 0 0 0 0 0 0 0 0 
0 0 0 0 0 0 0 0 0 0 0 0 0 0 0 0 0 0 0 0 0 0 0 0 0 0 0 0 0 0 0 0 0 0 0 0 0 0 0 0 0 0 0 0 0 0 0 0 0 0 0 0 0 0 0 0 0 0 0 0 0 0 0 0 0 0 0 0 0 0 0 0 0 0 0 0 0 0 0 0 
0 0 0 0 0 0 0 0 0 0 0 0 0 0 0 0 0 0 0 0 0 0 0 0 0 0 0 0 0 0 0 0 0 0 0 0 0 0 0 0 0 0 0 0 0 0 0 0 0 0 0 0 0 0 0 0 0 0 0 0 0 0 0 0 0 0 0 0 0 0 0 0 0 0 0 0 0 0 0 0 
0 0 0 0 0 0 0 0 0 0 0 0 0 0 0 0 0 0 0 0 0 0 0 0 0 0 0 0 0 0 0 0 0 0 0 0 0 0 0 0 0 0 0 0 0 0 0 0 0 0 0 0 0 0 0 0 0 0 0 0 0 0 0 0 0 0 0 0 0 0 0 0 0 0 0 0 0 0 0 0 
0 0 0 0 0 0 0 0 0 0 0 0 0 0 0 0 0 0 0 0 0 0 0 0 0 0 0 0 0 0 0 0 0 0 0 0 0 0 0 0 0 0 0 0 0 0 0 0 0 0 0 0 0 0 0 0 0 0 0 0 0 0 0 0 0 0 0 0 0 0 0 0 0 0 0 0 0 0 0 0 
0 0 0 0 0 0 0 0 0 0 0 0 0 0 0 0 0 0 0 0 0 0 0 0 0 0 0 0 0 0 0 0 0 0 0 0 0 0 0 0 0 0 0 0 0 0 0 0 0 0 0 0 0 0 0 0 0 0 0 0 0 0 0 0 0 0 0 0 0 0 0 0 0 0 0 0 0 0 0 0 
0 0 0 0 0 0 0 0 0 0 0 0 0 0 0 0 0 0 0 0 0 0 0 0 0 0 0 0 0 0 0 0 0 0 0 0 0 0 0 0 0 0 0 0 0 0 0 0 0 0 0 0 0 0 0 0 0 0 0 0 0 0 0 0 0 0 0 0 0 0 0 0 0 0 0 0 0 0 0 0 
0 0 0 0 0 0 0 0 0 0 0 0 0 0 0 0 0 0 0 0 0 0 0 0 0 0 0 0 0 0 0 0 0 0 0 0 0 0 0 0 0 0 0 0 0 0 0 0 0 0 0 0 0 0 0 0 0 0 0 0 0 0 0 0 0 0 0 0 0 0 0 0 0 0 0 0 0 0 0 0 
0 0 0 0 0 0 0 0 0 0 0 0 0 0 0 0 0 0 0 0 0 0 0 0 0 0 0 0 0 0 0 0 0 0 0 0 0 0 0 0 0 0 0 0 0 0 0 0 0 0 0 0 0 0 0 0 0 0 0 0 0 0 0 0 0 0 0 0 0 0 0 0 0 0 0 0 0 0 0 0 
0 0 0 0 0 0 0 0 0 0 0 0 0 0 0 0 0 0 0 0 0 0 0 0 0 0 0 0 0 0 0 0 0 0 0 0 0 0 0 0 0 0 0 0 0 0 0 0 0 0 0 0 0 0 0 0 0 0 0 0 0 0 0 0 0 0 0 0 0 0 0 0 0 0 0 0 0 0 0 0 
0 0 0 0 0 0 0 0 0 0 0 0 0 0 0 0 0 0 0 0 0 0 0 0 0 0 0 0 0 0 0 0 0 0 0 0 0 0 0 0 0 0 0 0 0 0 0 0 0 0 0 0 0 0 0 0 0 0 0 0 0 0 0 0 0 0 0 0 0 0 0 0 0 0 0 0 0 0 0 0 
0 0 0 0 0 0 0 0 0 0 0 0 0 0 0 0 0 0 0 0 0 0 0 0 0 0 0 0 0 0 0 0 0 0 0 0 0 0 0 0 0 0 0 0 0 0 0 0 0 0 0 0 0 0 0 0 0 0 0 0 0 0 0 0 0 0 0 0 0 0 0 0 0 0 0 0 0 0 0 0 
0 0 0 0 0 0 0 0 0 0 0 0 0 0 0 0 0 0 0 0 0 0 0 0 0 0 0 0 0 0 0 0 0 0 0 0 0 0 0 0 0 0 0 0 0 0 0 0 0 0 0 0 0 0 0 0 0 0 0 0 0 0 0 0 0 0 0 0 0 0 0 0 0 0 0 0 0 0 0 0 
0 0 0 0 0 0 0 0 0 0 0 0 0 0 0 0 0 0 0 0 0 0 0 0 0 0 0 0 0 0 0 0 0 0 0 0 0 0 0 0 0 0 0 0 0 0 0 0 0 0 0 0 0 0 0 0 0 0 0 0 0 0 0 0 0 0 0 0 0 0 0 0 0 0 0 0 0 0 0 0 
srcRect{2,14,79,29}
h:16,w:78
dstRect{0,0,77,15}
0 0 0 0 0 0 0 0 0 0 0 0 0 0 0 0 0 0 0 0 0 0 0 0 0 0 0 0 0 0 0 0 0 0 0 0 0 0 0 0 0 0 0 0 0 0 0 0 0 0 0 0 0 0 0 0 0 0 0 0 0 0 0 0 0 0 0 0 0 0 0 0 0 0 0 0 0 0 
0 0 0 0 1 1 1 0 0 0 0 0 0 0 0 0 0 0 0 0 0 1 1 0 0 0 0 0 0 0 0 0 0 0 0 0 0 0 0 0 0 0 0 0 0 0 0 0 0 0 0 0 0 0 0 0 0 0 0 0 0 0 0 0 0 0 0 0 0 0 0 0 0 0 0 0 0 0 
0 0 0 0 0 0 0 0 0 0 0 0 0 0 0 0 0 0 0 0 0 0 0 0 0 0 0 0 0 0 0 0 0 0 0 0 0 0 0 0 0 0 0 0 0 0 0 0 0 0 0 0 0 0 0 0 0 0 0 0 0 0 0 0 0 0 0 0 0 0 0 0 0 0 0 0 0 0 
0 0 0 0 0 0 0 0 0 0 0 0 0 0 0 0 0 0 0 0 0 1 0 0 0 0 0 0 0 0 0 0 0 0 0 0 0 1 1 1 1 0 0 0 0 0 0 0 0 0 0 0 0 1 1 1 1 1 1 1 0 0 0 0 0 0 0 0 0 0 0 1 1 1 1 0 0 0 
0 0 0 1 1 1 0 0 0 0 0 0 0 0 0 0 0 0 0 1 1 1 1 1 0 0 0 0 0 0 0 0 0 0 0 0 1 1 1 1 1 1 0 0 0 0 0 0 0 0 0 0 0 1 1 1 1 1 1 1 0 0 0 0 0 0 0 0 0 0 0 1 1 1 1 1 0 0 
0 0 1 1 1 1 1 0 0 0 0 0 0 0 0 0 0 0 1 1 1 0 1 1 1 0 0 0 0 0 0 0 0 0 0 1 1 1 0 0 1 1 0 0 0 0 0 0 0 0 0 0 0 0 0 0 0 1 1 1 0 0 0 0 0 0 0 0 0 0 1 1 0 0 0 1 1 0 
0 0 1 0 0 0 1 1 0 0 0 0 0 0 0 0 0 0 1 1 0 0 0 1 1 0 0 0 0 0 0 0 0 0 0 1 1 0 0 0 1 1 0 0 0 0 0 0 0 0 0 0 0 0 0 0 0 1 1 0 0 0 0 0 0 0 0 0 0 0 1 1 0 0 0 1 1 0 
0 1 1 0 0 0 1 1 0 0 0 0 0 0 0 0 0 0 1 1 0 0 0 1 1 0 0 0 0 0 0 0 0 0 0 1 1 0 0 0 1 1 0 0 0 0 0 0 0 0 0 0 0 0 0 0 1 1 1 0 0 0 0 0 0 0 0 0 0 0 1 1 0 0 0 1 1 0 
0 1 1 0 0 0 1 1 0 0 0 0 0 0 0 0 0 0 1 1 0 0 0 1 1 0 0 0 0 0 0 0 0 0 0 1 1 0 0 0 1 1 0 0 0 0 0 0 0 0 0 0 0 0 0 0 1 1 0 0 0 0 0 0 0 0 0 0 0 0 1 1 0 0 0 1 1 0 
0 1 1 0 0 0 1 1 0 0 0 0 0 0 0 0 0 0 1 1 0 0 0 1 1 0 0 0 0 0 0 0 0 0 0 1 1 1 0 0 1 1 0 0 0 0 0 0 0 0 0 0 0 0 0 0 1 1 0 0 0 0 0 0 0 0 0 0 0 0 1 1 0 0 0 1 1 0 
0 1 1 0 0 0 1 1 0 0 0 0 0 0 0 0 0 0 1 1 0 0 0 1 1 0 0 0 0 0 0 0 0 0 0 1 1 0 0 0 1 1 0 0 0 0 0 0 0 0 0 0 0 0 0 1 1 1 0 0 0 0 0 0 0 0 0 0 0 0 1 1 0 0 0 1 1 0 
0 1 1 0 0 0 1 1 0 0 0 0 0 0 0 0 0 0 1 1 0 0 0 1 1 0 0 0 0 0 0 0 0 0 0 1 1 0 0 0 1 1 0 0 0 0 0 0 0 0 0 0 0 0 0 1 1 1 0 0 0 0 0 0 0 0 0 0 0 0 0 1 1 0 0 1 1 0 
0 1 1 0 0 0 1 1 0 0 0 0 0 0 0 0 0 0 1 1 0 0 1 1 1 0 0 0 0 0 0 0 0 0 0 0 1 1 0 0 1 1 0 0 0 0 0 0 0 0 0 0 0 0 0 1 1 0 0 0 0 0 0 0 0 0 0 0 0 0 0 1 1 1 1 1 1 0 
0 0 1 1 1 1 1 0 0 0 0 0 0 0 0 0 0 0 1 1 1 1 1 1 0 0 0 0 0 0 0 0 0 0 0 0 1 1 1 1 1 1 0 0 0 0 0 0 0 0 0 0 0 0 0 1 1 0 0 0 0 0 0 0 0 0 0 0 0 0 0 0 1 1 1 1 0 0 
0 0 0 0 0 0 0 0 0 0 0 0 0 0 0 0 0 0 0 0 0 0 0 0 0 0 0 0 0 0 0 0 0 0 0 0 0 0 1 0 0 0 0 0 0 0 0 0 0 0 0 0 0 0 0 0 0 0 0 0 0 0 0 0 0 0 0 0 0 0 0 0 0 0 0 0 0 0 
0 0 0 0 0 0 0 0 0 0 0 0 0 0 0 0 0 0 0 0 0 0 0 0 0 0 0 0 0 0 0 0 0 0 0 0 0 0 0 0 0 0 0 0 0 0 0 0 0 0 0 0 0 0 0 0 0 0 0 0 0 0 0 0 0 0 0 0 0 0 0 0 0 0 0 0 0 0 
End
接下来打印获得的矩形区域：
第0个矩形：{1,1,7,1}
第1个矩形：{18,1,24,1}
第2个矩形：{35,3,41,14}
第3个矩形：{53,3,59,13}
第4个矩形：{70,0,76,16}
总共5个矩形
接下来打印获得的矩形区域：
第0个矩形：{1,1,7,1}
第1个矩形：{18,1,24,1}
第2个矩形：{35,3,41,14}
第3个矩形：{53,3,59,13}
第4个矩形：{70,0,76,16}
总共5个矩形
0 0 0 1 1 1 1 0 0 0 0 1 1 1 0 0 0 0 1 1 1 1 1 0 1 1 1 1 1 1 1 1 0 0 0 0 0 0 0 0 
0 0 0 1 1 1 1 0 0 0 0 1 1 1 0 0 0 1 1 1 1 1 1 1 1 1 1 1 1 1 1 1 0 0 0 0 0 0 0 0 
0 0 0 1 1 1 1 0 0 0 0 1 1 1 0 0 1 1 1 0 0 0 1 1 1 1 1 1 1 1 1 1 0 0 0 0 0 0 0 0 
0 0 0 1 1 1 1 0 0 0 0 1 1 1 0 0 1 1 1 0 0 0 1 1 0 0 0 0 1 1 1 1 0 1 1 1 1 1 0 0 
0 0 0 1 1 1 1 0 0 0 0 1 1 1 0 0 1 1 0 0 0 0 1 1 0 0 0 0 1 1 1 0 0 1 1 1 1 1 1 0 
0 0 0 1 1 1 1 0 0 0 0 1 1 1 0 0 1 1 0 0 0 0 1 1 0 0 0 0 1 1 1 0 1 1 0 0 0 0 1 1 
0 0 0 1 1 1 1 0 0 0 0 1 1 1 0 0 1 1 0 0 0 0 1 1 0 0 0 1 1 1 1 0 1 1 0 0 0 0 1 1 
0 0 0 1 1 1 1 0 0 0 0 1 1 1 0 0 1 1 0 0 0 0 1 1 0 0 0 1 1 1 0 0 1 1 0 0 0 0 1 1 
0 0 0 0 0 0 0 0 0 0 0 0 0 0 0 0 1 1 1 0 0 0 1 1 0 0 0 1 1 1 0 0 1 1 0 0 0 0 1 1 
0 0 0 0 0 0 0 0 0 0 0 0 0 0 0 0 1 1 0 0 0 0 1 1 0 0 0 1 1 1 0 0 1 1 0 0 0 0 1 1 
0 0 0 0 0 0 0 0 0 0 0 0 0 0 0 0 1 1 0 0 0 0 1 1 0 0 1 1 1 1 0 0 0 1 1 0 0 0 1 1 
0 0 0 0 0 0 0 0 0 0 0 0 0 0 0 0 1 1 0 0 0 0 1 1 0 0 1 1 1 1 0 0 0 1 1 1 1 1 1 1 
0 0 0 0 0 0 0 0 0 0 0 0 0 0 0 0 0 1 1 0 0 0 1 1 0 0 1 1 1 1 0 0 0 0 1 1 1 1 1 0 
0 0 0 0 0 0 0 0 0 0 0 0 0 0 0 0 0 1 1 1 1 1 1 1 0 0 1 1 0 0 0 0 0 0 0 0 0 0 0 0 
0 0 0 0 0 0 0 0 0 0 0 0 0 0 0 0 0 0 0 1 0 0 0 0 0 0 1 1 0 0 0 0 0 0 0 0 0 0 0 0 
0 0 0 0 0 0 0 0 0 0 0 0 0 0 0 0 0 0 0 1 0 0 0 0 0 0 1 1 0 0 0 0 0 8 27 1 0 0 8 27 
归一化之后的矩形：
接下来打印获得的矩形区域：
第0个矩形：{0,0,7,15}
第1个矩形：{8,0,15,15}
第2个矩形：{16,0,23,15}
第3个矩形：{24,0,31,15}
第4个矩形：{32,0,39,15}
总共5个矩形
4 12 4 12 0 0 0 0 32 4 0 0 8 
4 8 4 8 0 0 0 0 24 3 0 0 8 
11 11 8 8 9 8 7 6 68 3 3 0 8 
12 16 2 11 6 8 8 2 65 3 4 0 8 
3 2 9 9 9 10 3 3 48 3 3 0 8 
s[0]:777s[1]:1997s[2]:2810s[3]:2588s[4]:3546s[5]:2374s[6]:4361s[7]:2732s[8]:819s[9]:2639
min:777
s[0]:1100s[1]:2676s[2]:3681s[3]:3427s[4]:4493s[5]:3077s[6]:5422s[7]:3533s[8]:1148s[9]:3450
min:1100
s[0]:569s[1]:169s[2]:274s[3]:236s[4]:538s[5]:258s[6]:841s[7]:154s[8]:599s[9]:243
min:154
s[0]:660s[1]:376s[2]:395s[3]:353s[4]:817s[5]:561s[6]:1166s[7]:389s[8]:684s[9]:456
min:353
s[0]:115s[1]:733s[2]:1470s[3]:1274s[4]:1716s[5]:950s[6]:2501s[7]:1182s[8]:145s[9]:1157
min:115

0
0
7
3
0galobal thres:96
46 42 40 44 39 40 35 41 51 49 49 49 51 41 52 47 48 44 47 44 53 41 50 47 52 48 49 47 53 53 49 49 44 47 50 50 53 45 56 50 45 52 51 51 52 47 52 50 53 56 52 52 41 52 43 48 56 48 51 46 53 53 51 56 46 52 45 46 55 53 56 51 44 57 49 45 52 51 46 50 
50 45 41 47 48 40 44 43 49 43 47 44 50 51 46 47 54 46 49 40 54 44 54 44 53 40 48 49 44 46 47 55 48 43 47 48 48 49 50 46 50 52 51 54 55 43 50 47 49 51 50 59 53 49 43 44 53 49 53 54 52 47 47 46 50 56 56 46 55 48 53 47 48 47 44 49 53 50 51 46 
31 38 48 43 45 37 41 42 44 43 33 41 48 50 41 42 48 43 39 41 50 42 46 50 51 40 37 45 47 48 33 41 47 47 44 40 50 43 43 44 57 45 41 47 43 51 42 50 52 46 38 49 47 48 37 49 52 49 43 53 45 50 46 45 41 51 41 44 44 43 46 48 44 50 48 50 50 58 43 52 
46 55 34 38 40 51 47 52 42 39 40 48 42 49 46 42 42 46 54 48 49 49 48 48 55 49 45 47 54 47 54 47 51 53 51 36 49 47 50 55 54 51 43 50 47 46 42 50 48 43 41 52 48 41 46 50 59 53 51 57 33 55 45 46 49 47 45 46 46 49 50 58 48 51 51 46 49 45 47 51 
48 48 42 46 44 47 48 44 50 48 50 51 50 46 53 46 47 46 49 51 45 41 41 52 40 42 46 47 48 52 48 47 55 47 48 53 41 48 41 47 55 47 53 52 40 53 57 52 43 56 53 53 55 49 57 57 58 57 51 60 48 44 52 43 50 55 48 46 52 51 50 48 55 57 55 53 50 49 56 49 
39 40 43 37 37 35 41 42 43 40 38 48 42 39 38 34 43 42 38 45 42 43 41 40 47 41 45 38 39 43 44 50 54 46 51 47 41 47 45 50 38 41 49 37 56 39 43 51 43 41 51 47 55 53 40 43 43 46 49 37 43 50 45 37 51 40 46 48 50 32 46 46 47 49 58 53 46 38 47 51 
38 51 31 44 43 46 42 47 35 51 43 47 47 45 46 40 49 49 44 45 51 49 42 41 43 46 46 47 52 53 52 39 48 57 47 46 54 41 40 49 48 48 51 44 55 47 50 51 40 47 47 43 47 52 51 43 50 48 51 43 48 52 50 46 40 37 52 46 49 50 50 45 48 46 45 44 44 51 50 50 
35 47 51 43 47 39 46 51 38 45 47 43 50 39 43 53 50 50 53 48 54 44 45 45 46 45 45 56 53 43 50 59 55 42 53 49 54 54 55 48 48 54 53 56 57 51 48 43 58 58 43 54 50 54 54 53 52 46 50 50 52 50 46 54 51 51 58 54 44 58 57 52 57 52 53 51 52 49 61 42 
37 41 43 44 50 28 36 40 47 42 40 45 48 45 42 52 43 45 50 50 44 47 46 51 42 42 47 55 42 43 51 40 54 52 43 41 41 49 45 48 49 52 37 52 51 50 51 47 49 54 58 42 50 44 46 49 48 52 49 47 48 46 45 43 47 42 54 42 47 51 49 47 50 49 45 47 46 43 49 47 
40 35 48 49 50 46 40 42 45 41 40 47 51 41 53 35 49 52 47 57 50 54 52 50 53 51 47 41 53 40 55 47 49 48 55 51 54 47 46 54 49 52 52 49 56 54 52 47 46 51 45 49 48 46 57 50 54 54 50 54 50 36 50 54 45 41 52 44 49 52 47 47 46 50 47 48 53 47 52 45 
36 31 47 42 50 36 44 36 44 44 41 41 47 52 44 48 54 54 47 41 47 58 49 46 55 57 54 56 50 52 51 53 51 50 50 49 49 54 51 54 55 55 52 54 55 54 63 61 55 53 57 59 58 52 56 59 50 52 60 50 49 55 53 53 50 50 55 53 49 57 54 42 56 47 55 54 57 51 51 51 
40 40 38 37 53 38 46 50 47 43 46 45 42 34 49 55 52 51 43 41 53 50 41 55 55 47 51 56 40 43 51 48 56 42 50 44 51 51 52 52 50 56 50 50 44 51 49 42 52 54 58 51 49 44 51 47 50 45 45 57 47 51 47 49 38 49 38 56 52 46 45 42 51 44 42 47 50 48 48 43 
36 44 50 42 37 38 33 46 38 46 54 44 51 42 51 51 54 51 42 49 46 47 50 53 53 49 40 50 49 34 47 43 46 49 47 48 48 48 48 56 49 53 49 43 58 57 43 59 47 39 51 54 51 51 42 55 56 49 44 48 49 49 49 48 55 54 49 51 50 53 48 52 54 44 45 57 50 57 51 42 
45 47 30 35 35 45 45 50 40 57 51 54 48 50 49 47 53 53 56 52 54 52 54 52 54 49 50 57 49 52 45 49 52 51 57 47 57 57 50 52 63 49 57 58 54 59 52 53 54 59 52 55 57 48 49 47 53 55 50 51 48 51 50 43 46 51 47 47 55 48 56 45 52 54 51 49 56 51 57 55 
38 35 38 40 63 74 41 33 51 69 50 28 46 56 53 37 36 35 38 34 43 83 77 73 79 80 62 43 34 37 39 41 36 50 36 30 27 46 57 59 68 69 59 54 31 50 58 59 53 53 51 56 45 45 52 53 58 47 53 54 47 42 47 48 48 43 49 48 36 50 46 47 41 44 38 43 51 41 44 46 
34 42 40 44 52 95 103 101 100 76 41 50 44 58 62 36 39 40 41 45 35 50 108 104 107 55 38 48 47 58 42 39 45 45 45 40 42 33 47 39 64 57 50 44 50 46 60 58 54 54 57 51 40 52 37 41 44 49 48 35 42 44 51 55 46 36 37 34 41 31 41 48 27 37 36 53 42 50 44 43 
37 40 39 32 42 46 54 60 34 39 45 47 58 52 57 38 42 40 37 42 44 47 45 43 51 43 43 46 46 48 37 37 47 52 51 41 36 49 38 43 44 40 45 51 39 33 63 61 63 57 59 59 46 44 48 44 50 45 39 44 45 50 43 45 40 37 43 38 42 48 49 43 49 39 45 47 48 44 50 45 
30 43 35 36 47 39 36 41 34 39 37 37 49 58 43 33 36 41 50 45 49 50 61 88 54 44 47 41 40 41 37 32 52 49 42 41 49 50 51 96 151 133 88 47 43 41 52 57 64 58 58 47 37 36 54 149 152 151 158 153 152 136 31 39 32 40 43 44 37 38 44 50 41 93 143 135 137 55 39 41 
29 35 41 40 47 106 132 125 82 46 38 36 52 60 53 37 40 53 49 55 57 146 150 156 152 150 57 35 37 29 36 33 52 48 50 51 52 58 159 166 165 169 160 140 38 50 46 66 53 58 66 60 30 42 54 153 154 152 146 155 164 155 36 49 30 41 39 35 33 51 53 48 72 150 152 137 147 147 56 41 
43 49 36 45 131 135 135 136 139 87 47 43 53 59 53 37 39 52 54 51 147 156 128 78 151 160 122 45 42 41 44 43 48 45 56 55 60 108 168 148 57 61 158 165 58 46 46 60 59 65 67 62 42 46 55 53 58 59 56 143 170 102 35 48 49 40 47 42 39 53 58 48 139 159 68 58 53 155 144 39 
25 40 47 76 131 81 51 47 142 134 34 35 60 60 46 41 32 51 53 65 153 154 60 51 66 161 154 60 63 66 33 35 40 35 59 61 59 136 169 80 60 55 114 162 81 51 45 67 62 67 67 64 46 47 72 61 63 57 62 166 167 51 56 50 56 46 32 45 34 60 51 49 144 163 56 50 59 152 154 40 
35 45 46 112 137 61 51 61 149 142 33 34 57 62 50 39 45 70 68 66 157 152 55 64 65 164 157 36 45 48 42 42 42 40 74 71 69 149 178 96 79 70 128 174 72 44 44 61 70 68 71 66 56 65 64 69 60 65 108 174 142 75 38 45 40 29 38 50 41 57 61 59 136 155 56 56 42 148 153 51 
40 43 43 123 148 69 66 68 146 139 39 29 57 57 50 46 44 68 67 72 160 151 60 63 70 168 149 42 46 42 43 38 36 44 75 67 71 147 178 98 88 89 123 174 85 46 46 62 74 64 70 73 52 77 65 76 69 68 169 173 81 68 42 47 47 39 39 32 44 60 63 72 122 155 69 51 55 148 151 57 
38 48 45 122 143 69 62 76 157 141 26 32 60 54 38 35 45 73 66 68 157 146 67 66 79 164 150 46 52 70 38 34 34 37 82 64 59 150 182 105 85 86 117 175 83 50 46 69 65 64 68 70 43 73 55 64 70 69 173 166 66 60 50 44 37 33 36 34 33 64 63 61 107 154 65 40 52 140 149 62 
39 47 59 125 147 71 71 74 153 140 46 47 59 64 44 41 45 76 66 70 162 148 60 72 74 165 149 54 70 87 43 40 50 42 70 66 56 148 172 84 62 62 116 168 98 65 55 74 64 65 68 69 54 67 62 64 63 89 167 154 63 55 57 60 41 49 48 40 40 55 54 60 105 157 85 61 56 136 146 70 
37 54 51 133 143 73 76 83 156 135 39 35 60 52 46 51 46 74 74 72 155 143 61 60 68 161 151 53 62 72 50 46 62 67 67 60 66 139 163 84 56 57 121 159 80 41 39 56 73 65 62 72 47 45 59 57 55 129 166 101 60 60 46 47 47 60 45 43 39 56 53 49 81 159 125 48 58 147 156 66 
26 41 47 124 145 75 74 80 151 128 36 30 48 61 41 36 49 74 64 70 153 152 60 57 109 158 129 43 41 58 40 37 65 83 63 66 57 96 164 149 51 73 161 154 51 48 46 58 66 59 68 63 53 50 52 52 50 152 160 64 46 51 56 43 53 34 37 37 40 59 46 47 52 154 154 142 145 150 133 53 
40 42 48 85 139 136 104 141 143 79 58 56 58 59 40 28 52 73 64 66 121 148 150 151 150 154 65 58 62 46 39 46 39 43 56 62 58 48 145 159 158 157 152 122 47 34 41 53 64 62 66 59 58 52 42 47 57 149 147 56 52 54 58 44 46 44 44 33 33 47 45 57 59 57 142 140 137 129 55 57 
53 52 46 50 60 68 75 70 71 61 42 55 61 60 42 51 52 45 53 46 54 91 100 103 108 61 50 50 44 48 42 38 55 51 58 53 45 40 48 74 110 107 73 56 44 52 48 60 53 58 55 59 50 51 48 40 48 103 103 51 53 52 40 44 43 43 45 37 37 52 48 48 48 44 49 46 59 54 52 41 
51 51 47 45 55 44 53 51 49 58 62 65 60 58 49 60 53 64 57 59 60 55 52 58 65 63 60 56 64 63 61 63 63 68 62 69 64 66 62 62 68 67 57 57 63 59 55 57 47 50 60 59 47 51 55 51 58 59 52 52 58 50 42 53 49 56 55 45 46 49 42 44 48 47 51 41 58 52 54 57 
57 52 46 54 50 56 51 58 53 60 55 59 58 60 58 63 56 52 59 58 56 59 50 58 51 60 63 60 63 52 61 66 64 66 50 62 64 65 61 69 72 66 66 60 57 55 60 54 48 59 64 50 61 61 54 53 57 55 65 62 62 57 50 50 56 52 56 51 55 44 55 47 54 54 53 52 53 60 50 43 
53 61 51 58 55 55 51 47 56 56 55 54 60 62 49 58 58 57 59 60 57 61 58 63 61 58 62 68 62 59 64 61 62 67 69 63 69 70 66 64 67 66 72 66 65 56 60 60 58 56 62 45 61 59 57 54 49 56 52 56 55 57 50 52 45 47 47 62 53 56 52 53 50 49 52 49 55 60 53 54 
42 56 39 55 54 56 45 54 52 55 52 54 59 52 45 54 50 53 63 57 61 63 56 60 57 67 56 58 62 59 63 53 60 59 62 54 62 60 58 53 65 56 56 53 55 57 55 51 58 57 51 50 47 49 46 50 52 52 52 53 43 51 51 48 50 50 50 41 45 44 46 51 53 55 45 44 53 43 51 49 
46 52 50 58 50 56 54 55 60 58 58 57 58 59 57 58 61 59 52 59 59 52 60 58 55 62 66 71 55 52 62 60 63 65 51 54 61 57 60 57 63 60 63 61 59 62 61 54 59 39 51 52 52 50 56 55 51 56 41 44 54 50 51 51 52 45 50 53 49 52 54 58 49 47 53 56 51 45 55 50 
61 57 47 56 52 58 57 58 57 58 60 56 60 58 53 65 63 57 60 58 59 53 58 60 65 65 55 59 60 59 58 70 60 65 66 66 64 55 54 59 57 63 67 63 56 58 58 54 49 53 44 51 58 50 54 55 52 62 54 50 55 59 54 55 55 58 53 51 56 56 55 48 59 53 50 47 46 56 65 53 
48 61 50 50 42 61 52 55 54 53 50 46 59 59 59 69 53 58 54 54 62 59 59 58 59 58 56 62 60 51 58 63 64 55 59 60 62 53 58 59 50 61 59 53 55 51 47 51 60 55 48 57 50 47 48 53 53 54 43 51 47 52 52 55 45 52 48 55 53 50 48 44 48 56 49 50 56 54 48 46 
46 52 51 57 55 56 55 46 62 59 58 59 62 57 51 60 58 54 61 55 61 57 52 62 63 61 63 49 62 60 61 60 57 59 53 56 62 55 57 55 63 58 51 52 45 50 52 49 47 54 48 54 57 46 53 54 46 52 52 46 52 54 52 56 53 57 50 44 42 47 43 43 48 50 61 43 48 42 54 47 
54 55 59 49 58 53 57 59 58 58 64 57 62 54 57 58 59 60 66 58 59 55 53 53 65 62 54 62 62 60 54 68 54 54 62 53 58 66 55 58 60 55 55 59 57 53 54 54 56 50 48 50 49 55 56 52 51 51 56 51 50 53 51 56 55 51 50 48 50 48 48 51 46 47 46 50 50 50 58 51 
54 55 48 50 61 60 54 56 56 53 62 47 54 55 55 61 56 57 53 59 51 53 53 62 57 55 51 57 60 62 58 60 51 57 60 54 52 48 59 61 46 54 52 53 41 48 43 56 39 46 51 60 56 44 47 51 49 43 52 55 54 43 44 39 51 51 47 52 48 42 48 39 44 32 50 38 45 43 47 48 
56 46 55 48 53 52 51 58 55 50 56 61 53 52 51 49 59 62 54 53 50 51 55 57 57 44 51 59 54 56 52 60 58 45 51 46 50 51 54 49 50 49 56 47 52 50 49 54 59 47 44 54 50 49 52 57 47 55 42 42 46 47 41 51 51 53 43 47 49 45 43 44 48 48 54 48 46 37 48 43 
59 59 51 54 54 62 59 52 55 56 58 60 51 60 58 59 50 54 54 61 56 56 60 60 59 61 64 61 61 62 57 57 48 56 57 53 51 54 54 51 48 50 50 52 52 53 54 54 45 45 51 52 41 51 47 45 48 52 50 48 49 50 60 50 59 58 52 45 49 43 39 35 43 46 54 52 41 39 50 48 
47 52 45 56 50 48 56 60 52 57 46 61 48 50 53 51 50 49 64 48 54 44 51 48 50 47 57 56 53 55 56 54 55 46 51 55 52 51 53 50 48 52 42 55 55 56 49 56 44 46 53 52 34 43 50 43 45 54 41 51 48 41 48 41 40 45 48 44 50 44 36 43 42 45 40 50 41 39 56 48 
49 61 54 52 61 54 55 57 55 60 51 59 59 57 57 55 51 58 60 51 49 57 56 56 54 54 55 52 60 51 61 49 58 55 59 55 50 56 50 51 57 50 50 54 44 44 57 52 54 45 51 41 53 53 46 47 47 51 45 49 48 53 48 51 52 53 44 48 47 46 45 51 41 49 56 46 53 45 35 42 
54 52 52 56 57 62 62 54 50 52 58 64 56 60 55 55 60 57 59 54 60 56 53 55 56 59 62 56 59 64 57 61 57 61 55 51 53 54 58 50 54 54 56 47 54 52 57 50 52 52 54 47 53 44 56 51 53 44 56 48 49 54 52 42 50 46 49 43 41 54 49 47 48 45 48 51 44 46 45 45 
48 50 53 53 56 48 54 58 52 47 46 44 58 48 62 52 50 54 43 44 55 47 56 47 59 44 56 57 53 56 57 50 47 58 53 55 56 49 43 35 54 47 39 50 57 54 42 47 50 50 38 48 42 45 38 52 51 44 49 44 45 47 46 33 39 50 44 43 42 45 44 37 52 50 46 43 43 33 48 39 
55 48 45 54 57 52 53 58 57 55 60 46 59 52 51 58 60 53 47 57 49 58 57 56 58 56 53 61 64 63 61 67 58 54 52 51 46 49 49 48 53 56 45 46 51 56 48 53 52 51 48 42 56 48 47 55 55 51 50 46 42 53 47 51 48 45 46 47 49 48 47 42 46 50 33 52 48 41 43 42 
42 56 58 56 56 56 49 61 56 58 59 56 58 54 61 57 55 56 59 58 67 55 57 60 59 53 56 57 63 79 78 57 65 57 55 53 52 53 51 58 52 55 52 52 59 48 50 50 55 54 52 47 43 47 55 53 53 55 50 47 55 50 51 45 53 36 48 55 53 50 50 44 42 46 52 50 52 51 47 43 
46 44 38 47 43 55 49 56 46 52 50 54 49 58 58 57 47 52 55 61 49 41 55 58 48 52 59 66 68 76 78 55 61 55 52 48 35 54 50 50 57 49 46 49 54 50 40 51 45 46 54 44 50 54 43 37 53 53 44 46 51 49 50 51 46 44 51 40 38 52 46 49 40 43 51 45 47 45 40 48 
36 41 43 47 41 48 52 50 47 47 57 54 50 47 51 54 49 55 56 54 60 61 60 58 61 61 60 67 66 71 66 65 60 60 56 60 50 50 54 56 48 46 58 46 48 49 47 42 50 44 42 54 48 50 44 46 49 45 45 47 54 59 45 52 52 47 59 49 51 50 51 48 55 53 51 42 51 55 56 44 
40 45 45 36 43 40 40 43 37 49 39 44 52 50 41 53 49 53 50 50 53 49 53 59 56 54 57 59 56 60 62 69 64 64 64 61 67 65 62 62 61 61 58 55 56 59 57 54 52 49 54 60 56 55 59 64 56 48 59 54 56 47 51 54 50 52 55 48 47 59 49 57 48 53 47 59 53 53 52 46 
32 34 25 39 32 34 28 35 31 36 46 41 43 42 45 41 44 40 44 38 39 46 48 54 40 51 51 50 47 47 51 44 46 53 52 50 48 53 49 46 57 55 52 55 55 55 50 55 48 45 49 43 47 51 47 48 49 50 51 48 46 54 48 52 51 51 53 41 48 44 49 49 50 40 58 50 43 46 50 46 
34 35 32 33 38 39 36 35 29 36 43 39 42 48 46 36 37 41 46 39 50 32 46 49 38 34 40 48 56 41 50 37 45 50 42 46 50 42 42 52 36 45 42 48 47 46 40 45 45 39 46 45 38 41 45 47 44 49 46 42 47 45 48 45 51 49 44 51 51 50 40 39 45 49 48 45 47 47 48 47 
36 42 36 44 41 48 40 33 41 38 40 40 47 45 42 44 44 50 42 43 50 45 46 49 46 36 44 45 56 48 46 45 55 43 52 41 50 44 48 43 44 47 45 48 52 54 54 52 37 45 47 43 50 46 56 42 52 52 51 46 45 47 48 49 40 48 48 45 49 44 46 46 50 54 40 51 43 50 53 50 
32 38 27 36 33 34 27 35 40 39 39 41 39 42 48 37 36 32 39 34 39 35 35 46 42 36 41 45 33 42 45 37 47 34 45 44 41 42 40 39 37 48 45 38 41 44 43 34 38 41 39 42 36 38 43 41 43 44 41 44 37 42 35 46 46 35 41 27 40 45 37 47 43 33 49 44 45 38 45 45 
21 32 29 39 29 35 37 46 39 42 24 33 33 38 46 48 40 40 41 36 41 37 42 33 43 41 35 43 40 49 37 39 43 46 47 41 34 43 39 42 37 40 51 51 46 40 36 45 40 48 47 46 32 47 39 43 36 46 41 42 47 47 39 41 42 43 49 33 44 44 37 50 47 35 39 49 43 51 52 43 
43 44 40 43 38 45 47 43 45 44 35 48 46 43 54 41 46 42 48 40 41 48 48 49 37 41 50 42 42 47 48 46 49 33 48 48 43 40 44 46 44 48 44 42 49 46 47 47 49 50 42 52 52 47 40 45 49 46 46 45 46 45 43 42 50 45 44 50 48 44 47 36 50 43 40 33 44 42 50 48 
37 38 33 36 39 34 48 41 18 44 37 42 45 41 46 40 35 36 33 40 42 36 38 40 37 43 45 40 45 44 49 37 41 39 38 41 43 42 41 43 44 40 38 38 46 35 43 35 43 45 40 45 40 35 43 45 48 46 42 44 43 44 38 46 52 34 35 32 33 45 41 40 38 40 48 42 38 38 46 46 
39 43 41 40 39 32 37 34 44 46 40 40 43 41 45 41 44 36 43 29 39 39 32 44 40 30 46 44 36 48 48 44 45 51 47 47 40 43 37 33 43 44 41 44 49 39 41 43 31 47 43 43 40 45 44 45 46 47 43 44 45 40 48 38 40 42 48 34 40 49 42 39 45 41 43 33 47 53 48 38 
39 39 36 44 43 42 43 42 49 41 49 45 43 40 44 48 42 47 47 45 50 43 32 50 42 40 39 49 51 44 49 43 46 49 47 50 48 48 44 46 42 39 52 46 42 50 41 44 43 43 38 47 39 52 43 42 41 35 47 37 42 42 41 42 50 45 52 40 48 45 42 54 43 43 41 49 50 49 56 52 
33 45 37 32 41 37 33 27 32 37 37 39 43 42 39 40 46 36 42 34 46 39 40 52 40 40 48 37 46 42 33 52 36 46 40 43 44 36 46 44 43 41 36 40 38 33 47 40 48 43 54 40 30 34 44 42 48 46 37 36 34 42 49 33 40 36 36 41 37 40 38 43 43 42 38 47 41 49 49 41 
0 0 0 0 0 0 0 0 0 0 0 0 0 0 0 0 0 0 0 0 0 0 0 0 0 0 0 0 0 0 0 0 0 0 0 0 0 0 0 0 0 0 0 0 0 0 0 0 0 0 0 0 0 0 0 0 0 0 0 0 0 0 0 0 0 0 0 0 0 0 0 0 0 0 0 0 0 0 0 0 
0 0 0 0 0 0 0 0 0 0 0 0 0 0 0 0 0 0 0 0 0 0 0 0 0 0 0 0 0 0 0 0 0 0 0 0 0 0 0 0 0 0 0 0 0 0 0 0 0 0 0 0 0 0 0 0 0 0 0 0 0 0 0 0 0 0 0 0 0 0 0 0 0 0 0 0 0 0 0 0 
0 0 0 0 0 0 0 0 0 0 0 0 0 0 0 0 0 0 0 0 0 0 0 0 0 0 0 0 0 0 0 0 0 0 0 0 0 0 0 0 0 0 0 0 0 0 0 0 0 0 0 0 0 0 0 0 0 0 0 0 0 0 0 0 0 0 0 0 0 0 0 0 0 0 0 0 0 0 0 0 
0 0 0 0 0 0 0 0 0 0 0 0 0 0 0 0 0 0 0 0 0 0 0 0 0 0 0 0 0 0 0 0 0 0 0 0 0 0 0 0 0 0 0 0 0 0 0 0 0 0 0 0 0 0 0 0 0 0 0 0 0 0 0 0 0 0 0 0 0 0 0 0 0 0 0 0 0 0 0 0 
0 0 0 0 0 0 0 0 0 0 0 0 0 0 0 0 0 0 0 0 0 0 0 0 0 0 0 0 0 0 0 0 0 0 0 0 0 0 0 0 0 0 0 0 0 0 0 0 0 0 0 0 0 0 0 0 0 0 0 0 0 0 0 0 0 0 0 0 0 0 0 0 0 0 0 0 0 0 0 0 
0 0 0 0 0 0 0 0 0 0 0 0 0 0 0 0 0 0 0 0 0 0 0 0 0 0 0 0 0 0 0 0 0 0 0 0 0 0 0 0 0 0 0 0 0 0 0 0 0 0 0 0 0 0 0 0 0 0 0 0 0 0 0 0 0 0 0 0 0 0 0 0 0 0 0 0 0 0 0 0 
0 0 0 0 0 0 0 0 0 0 0 0 0 0 0 0 0 0 0 0 0 0 0 0 0 0 0 0 0 0 0 0 0 0 0 0 0 0 0 0 0 0 0 0 0 0 0 0 0 0 0 0 0 0 0 0 0 0 0 0 0 0 0 0 0 0 0 0 0 0 0 0 0 0 0 0 0 0 0 0 
0 0 0 0 0 0 0 0 0 0 0 0 0 0 0 0 0 0 0 0 0 0 0 0 0 0 0 0 0 0 0 0 0 0 0 0 0 0 0 0 0 0 0 0 0 0 0 0 0 0 0 0 0 0 0 0 0 0 0 0 0 0 0 0 0 0 0 0 0 0 0 0 0 0 0 0 0 0 0 0 
0 0 0 0 0 0 0 0 0 0 0 0 0 0 0 0 0 0 0 0 0 0 0 0 0 0 0 0 0 0 0 0 0 0 0 0 0 0 0 0 0 0 0 0 0 0 0 0 0 0 0 0 0 0 0 0 0 0 0 0 0 0 0 0 0 0 0 0 0 0 0 0 0 0 0 0 0 0 0 0 
0 0 0 0 0 0 0 0 0 0 0 0 0 0 0 0 0 0 0 0 0 0 0 0 0 0 0 0 0 0 0 0 0 0 0 0 0 0 0 0 0 0 0 0 0 0 0 0 0 0 0 0 0 0 0 0 0 0 0 0 0 0 0 0 0 0 0 0 0 0 0 0 0 0 0 0 0 0 0 0 
0 0 0 0 0 0 0 0 0 0 0 0 0 0 0 0 0 0 0 0 0 0 0 0 0 0 0 0 0 0 0 0 0 0 0 0 0 0 0 0 0 0 0 0 0 0 0 0 0 0 0 0 0 0 0 0 0 0 0 0 0 0 0 0 0 0 0 0 0 0 0 0 0 0 0 0 0 0 0 0 
0 0 0 0 0 0 0 0 0 0 0 0 0 0 0 0 0 0 0 0 0 0 0 0 0 0 0 0 0 0 0 0 0 0 0 0 0 0 0 0 0 0 0 0 0 0 0 0 0 0 0 0 0 0 0 0 0 0 0 0 0 0 0 0 0 0 0 0 0 0 0 0 0 0 0 0 0 0 0 0 
0 0 0 0 0 0 0 0 0 0 0 0 0 0 0 0 0 0 0 0 0 0 0 0 0 0 0 0 0 0 0 0 0 0 0 0 0 0 0 0 0 0 0 0 0 0 0 0 0 0 0 0 0 0 0 0 0 0 0 0 0 0 0 0 0 0 0 0 0 0 0 0 0 0 0 0 0 0 0 0 
0 0 0 0 0 0 0 0 0 0 0 0 0 0 0 0 0 0 0 0 0 0 0 0 0 0 0 0 0 0 0 0 0 0 0 0 0 0 0 0 0 0 0 0 0 0 0 0 0 0 0 0 0 0 0 0 0 0 0 0 0 0 0 0 0 0 0 0 0 0 0 0 0 0 0 0 0 0 0 0 
0 0 0 0 0 0 0 0 0 0 0 0 0 0 0 0 0 0 0 0 0 0 0 0 0 0 0 0 0 0 0 0 0 0 0 0 0 0 0 0 0 0 0 0 0 0 0 0 0 0 0 0 0 0 0 0 0 0 0 0 0 0 0 0 0 0 0 0 0 0 0 0 0 0 0 0 0 0 0 0 
0 0 0 0 0 0 1 1 1 0 0 0 0 0 0 0 0 0 0 0 0 0 1 1 1 0 0 0 0 0 0 0 0 0 0 0 0 0 0 0 0 0 0 0 0 0 0 0 0 0 0 0 0 0 0 0 0 0 0 0 0 0 0 0 0 0 0 0 0 0 0 0 0 0 0 0 0 0 0 0 
0 0 0 0 0 0 0 0 0 0 0 0 0 0 0 0 0 0 0 0 0 0 0 0 0 0 0 0 0 0 0 0 0 0 0 0 0 0 0 0 0 0 0 0 0 0 0 0 0 0 0 0 0 0 0 0 0 0 0 0 0 0 0 0 0 0 0 0 0 0 0 0 0 0 0 0 0 0 0 0 
0 0 0 0 0 0 0 0 0 0 0 0 0 0 0 0 0 0 0 0 0 0 0 0 0 0 0 0 0 0 0 0 0 0 0 0 0 0 0 1 1 1 0 0 0 0 0 0 0 0 0 0 0 0 0 1 1 1 1 1 1 1 0 0 0 0 0 0 0 0 0 0 0 0 1 1 1 0 0 0 
0 0 0 0 0 1 1 1 0 0 0 0 0 0 0 0 0 0 0 0 0 1 1 1 1 1 0 0 0 0 0 0 0 0 0 0 0 0 1 1 1 1 1 1 0 0 0 0 0 0 0 0 0 0 0 1 1 1 1 1 1 1 0 0 0 0 0 0 0 0 0 0 0 1 1 1 1 1 0 0 
0 0 0 0 1 1 1 1 1 0 0 0 0 0 0 0 0 0 0 0 1 1 1 0 1 1 1 0 0 0 0 0 0 0 0 0 0 1 1 1 0 0 1 1 0 0 0 0 0 0 0 0 0 0 0 0 0 0 0 1 1 1 0 0 0 0 0 0 0 0 0 0 1 1 0 0 0 1 1 0 
0 0 0 0 1 0 0 0 1 1 0 0 0 0 0 0 0 0 0 0 1 1 0 0 0 1 1 0 0 0 0 0 0 0 0 0 0 1 1 0 0 0 1 1 0 0 0 0 0 0 0 0 0 0 0 0 0 0 0 1 1 0 0 0 0 0 0 0 0 0 0 0 1 1 0 0 0 1 1 0 
0 0 0 1 1 0 0 0 1 1 0 0 0 0 0 0 0 0 0 0 1 1 0 0 0 1 1 0 0 0 0 0 0 0 0 0 0 1 1 1 0 0 1 1 0 0 0 0 0 0 0 0 0 0 0 0 0 0 1 1 1 0 0 0 0 0 0 0 0 0 0 0 1 1 0 0 0 1 1 0 
0 0 0 1 1 0 0 0 1 1 0 0 0 0 0 0 0 0 0 0 1 1 0 0 0 1 1 0 0 0 0 0 0 0 0 0 0 1 1 1 0 0 1 1 0 0 0 0 0 0 0 0 0 0 0 0 0 0 1 1 0 0 0 0 0 0 0 0 0 0 0 0 1 1 0 0 0 1 1 0 
0 0 0 1 1 0 0 0 1 1 0 0 0 0 0 0 0 0 0 0 1 1 0 0 0 1 1 0 0 0 0 0 0 0 0 0 0 1 1 1 0 0 1 1 0 0 0 0 0 0 0 0 0 0 0 0 0 0 1 1 0 0 0 0 0 0 0 0 0 0 0 0 1 1 0 0 0 1 1 0 
0 0 0 1 1 0 0 0 1 1 0 0 0 0 0 0 0 0 0 0 1 1 0 0 0 1 1 0 0 0 0 0 0 0 0 0 0 1 1 0 0 0 1 1 1 0 0 0 0 0 0 0 0 0 0 0 0 0 1 1 0 0 0 0 0 0 0 0 0 0 0 0 1 1 0 0 0 1 1 0 
0 0 0 1 1 0 0 0 1 1 0 0 0 0 0 0 0 0 0 0 1 1 0 0 0 1 1 0 0 0 0 0 0 0 0 0 0 1 1 0 0 0 1 1 0 0 0 0 0 0 0 0 0 0 0 0 0 1 1 1 0 0 0 0 0 0 0 0 0 0 0 0 0 1 1 0 0 1 1 0 
0 0 0 1 1 0 0 0 1 1 0 0 0 0 0 0 0 0 0 0 1 1 0 0 1 1 1 0 0 0 0 0 0 0 0 0 0 1 1 1 0 0 1 1 0 0 0 0 0 0 0 0 0 0 0 0 0 1 1 0 0 0 0 0 0 0 0 0 0 0 0 0 0 1 1 1 1 1 1 0 
0 0 0 0 1 1 1 1 1 0 0 0 0 0 0 0 0 0 0 0 1 1 1 1 1 1 0 0 0 0 0 0 0 0 0 0 0 0 1 1 1 1 1 1 0 0 0 0 0 0 0 0 0 0 0 0 0 1 1 0 0 0 0 0 0 0 0 0 0 0 0 0 0 0 1 1 1 1 0 0 
0 0 0 0 0 0 0 0 0 0 0 0 0 0 0 0 0 0 0 0 0 0 1 1 1 0 0 0 0 0 0 0 0 0 0 0 0 0 0 0 1 1 0 0 0 0 0 0 0 0 0 0 0 0 0 0 0 1 1 0 0 0 0 0 0 0 0 0 0 0 0 0 0 0 0 0 0 0 0 0 
0 0 0 0 0 0 0 0 0 0 0 0 0 0 0 0 0 0 0 0 0 0 0 0 0 0 0 0 0 0 0 0 0 0 0 0 0 0 0 0 0 0 0 0 0 0 0 0 0 0 0 0 0 0 0 0 0 0 0 0 0 0 0 0 0 0 0 0 0 0 0 0 0 0 0 0 0 0 0 0 
0 0 0 0 0 0 0 0 0 0 0 0 0 0 0 0 0 0 0 0 0 0 0 0 0 0 0 0 0 0 0 0 0 0 0 0 0 0 0 0 0 0 0 0 0 0 0 0 0 0 0 0 0 0 0 0 0 0 0 0 0 0 0 0 0 0 0 0 0 0 0 0 0 0 0 0 0 0 0 0 
0 0 0 0 0 0 0 0 0 0 0 0 0 0 0 0 0 0 0 0 0 0 0 0 0 0 0 0 0 0 0 0 0 0 0 0 0 0 0 0 0 0 0 0 0 0 0 0 0 0 0 0 0 0 0 0 0 0 0 0 0 0 0 0 0 0 0 0 0 0 0 0 0 0 0 0 0 0 0 0 
0 0 0 0 0 0 0 0 0 0 0 0 0 0 0 0 0 0 0 0 0 0 0 0 0 0 0 0 0 0 0 0 0 0 0 0 0 0 0 0 0 0 0 0 0 0 0 0 0 0 0 0 0 0 0 0 0 0 0 0 0 0 0 0 0 0 0 0 0 0 0 0 0 0 0 0 0 0 0 0 
0 0 0 0 0 0 0 0 0 0 0 0 0 0 0 0 0 0 0 0 0 0 0 0 0 0 0 0 0 0 0 0 0 0 0 0 0 0 0 0 0 0 0 0 0 0 0 0 0 0 0 0 0 0 0 0 0 0 0 0 0 0 0 0 0 0 0 0 0 0 0 0 0 0 0 0 0 0 0 0 
0 0 0 0 0 0 0 0 0 0 0 0 0 0 0 0 0 0 0 0 0 0 0 0 0 0 0 0 0 0 0 0 0 0 0 0 0 0 0 0 0 0 0 0 0 0 0 0 0 0 0 0 0 0 0 0 0 0 0 0 0 0 0 0 0 0 0 0 0 0 0 0 0 0 0 0 0 0 0 0 
0 0 0 0 0 0 0 0 0 0 0 0 0 0 0 0 0 0 0 0 0 0 0 0 0 0 0 0 0 0 0 0 0 0 0 0 0 0 0 0 0 0 0 0 0 0 0 0 0 0 0 0 0 0 0 0 0 0 0 0 0 0 0 0 0 0 0 0 0 0 0 0 0 0 0 0 0 0 0 0 
0 0 0 0 0 0 0 0 0 0 0 0 0 0 0 0 0 0 0 0 0 0 0 0 0 0 0 0 0 0 0 0 0 0 0 0 0 0 0 0 0 0 0 0 0 0 0 0 0 0 0 0 0 0 0 0 0 0 0 0 0 0 0 0 0 0 0 0 0 0 0 0 0 0 0 0 0 0 0 0 
0 0 0 0 0 0 0 0 0 0 0 0 0 0 0 0 0 0 0 0 0 0 0 0 0 0 0 0 0 0 0 0 0 0 0 0 0 0 0 0 0 0 0 0 0 0 0 0 0 0 0 0 0 0 0 0 0 0 0 0 0 0 0 0 0 0 0 0 0 0 0 0 0 0 0 0 0 0 0 0 
0 0 0 0 0 0 0 0 0 0 0 0 0 0 0 0 0 0 0 0 0 0 0 0 0 0 0 0 0 0 0 0 0 0 0 0 0 0 0 0 0 0 0 0 0 0 0 0 0 0 0 0 0 0 0 0 0 0 0 0 0 0 0 0 0 0 0 0 0 0 0 0 0 0 0 0 0 0 0 0 
0 0 0 0 0 0 0 0 0 0 0 0 0 0 0 0 0 0 0 0 0 0 0 0 0 0 0 0 0 0 0 0 0 0 0 0 0 0 0 0 0 0 0 0 0 0 0 0 0 0 0 0 0 0 0 0 0 0 0 0 0 0 0 0 0 0 0 0 0 0 0 0 0 0 0 0 0 0 0 0 
0 0 0 0 0 0 0 0 0 0 0 0 0 0 0 0 0 0 0 0 0 0 0 0 0 0 0 0 0 0 0 0 0 0 0 0 0 0 0 0 0 0 0 0 0 0 0 0 0 0 0 0 0 0 0 0 0 0 0 0 0 0 0 0 0 0 0 0 0 0 0 0 0 0 0 0 0 0 0 0 
0 0 0 0 0 0 0 0 0 0 0 0 0 0 0 0 0 0 0 0 0 0 0 0 0 0 0 0 0 0 0 0 0 0 0 0 0 0 0 0 0 0 0 0 0 0 0 0 0 0 0 0 0 0 0 0 0 0 0 0 0 0 0 0 0 0 0 0 0 0 0 0 0 0 0 0 0 0 0 0 
0 0 0 0 0 0 0 0 0 0 0 0 0 0 0 0 0 0 0 0 0 0 0 0 0 0 0 0 0 0 0 0 0 0 0 0 0 0 0 0 0 0 0 0 0 0 0 0 0 0 0 0 0 0 0 0 0 0 0 0 0 0 0 0 0 0 0 0 0 0 0 0 0 0 0 0 0 0 0 0 
0 0 0 0 0 0 0 0 0 0 0 0 0 0 0 0 0 0 0 0 0 0 0 0 0 0 0 0 0 0 0 0 0 0 0 0 0 0 0 0 0 0 0 0 0 0 0 0 0 0 0 0 0 0 0 0 0 0 0 0 0 0 0 0 0 0 0 0 0 0 0 0 0 0 0 0 0 0 0 0 
0 0 0 0 0 0 0 0 0 0 0 0 0 0 0 0 0 0 0 0 0 0 0 0 0 0 0 0 0 0 0 0 0 0 0 0 0 0 0 0 0 0 0 0 0 0 0 0 0 0 0 0 0 0 0 0 0 0 0 0 0 0 0 0 0 0 0 0 0 0 0 0 0 0 0 0 0 0 0 0 
0 0 0 0 0 0 0 0 0 0 0 0 0 0 0 0 0 0 0 0 0 0 0 0 0 0 0 0 0 0 0 0 0 0 0 0 0 0 0 0 0 0 0 0 0 0 0 0 0 0 0 0 0 0 0 0 0 0 0 0 0 0 0 0 0 0 0 0 0 0 0 0 0 0 0 0 0 0 0 0 
0 0 0 0 0 0 0 0 0 0 0 0 0 0 0 0 0 0 0 0 0 0 0 0 0 0 0 0 0 0 0 0 0 0 0 0 0 0 0 0 0 0 0 0 0 0 0 0 0 0 0 0 0 0 0 0 0 0 0 0 0 0 0 0 0 0 0 0 0 0 0 0 0 0 0 0 0 0 0 0 
0 0 0 0 0 0 0 0 0 0 0 0 0 0 0 0 0 0 0 0 0 0 0 0 0 0 0 0 0 0 0 0 0 0 0 0 0 0 0 0 0 0 0 0 0 0 0 0 0 0 0 0 0 0 0 0 0 0 0 0 0 0 0 0 0 0 0 0 0 0 0 0 0 0 0 0 0 0 0 0 
0 0 0 0 0 0 0 0 0 0 0 0 0 0 0 0 0 0 0 0 0 0 0 0 0 0 0 0 0 0 0 0 0 0 0 0 0 0 0 0 0 0 0 0 0 0 0 0 0 0 0 0 0 0 0 0 0 0 0 0 0 0 0 0 0 0 0 0 0 0 0 0 0 0 0 0 0 0 0 0 
0 0 0 0 0 0 0 0 0 0 0 0 0 0 0 0 0 0 0 0 0 0 0 0 0 0 0 0 0 0 0 0 0 0 0 0 0 0 0 0 0 0 0 0 0 0 0 0 0 0 0 0 0 0 0 0 0 0 0 0 0 0 0 0 0 0 0 0 0 0 0 0 0 0 0 0 0 0 0 0 
0 0 0 0 0 0 0 0 0 0 0 0 0 0 0 0 0 0 0 0 0 0 0 0 0 0 0 0 0 0 0 0 0 0 0 0 0 0 0 0 0 0 0 0 0 0 0 0 0 0 0 0 0 0 0 0 0 0 0 0 0 0 0 0 0 0 0 0 0 0 0 0 0 0 0 0 0 0 0 0 
0 0 0 0 0 0 0 0 0 0 0 0 0 0 0 0 0 0 0 0 0 0 0 0 0 0 0 0 0 0 0 0 0 0 0 0 0 0 0 0 0 0 0 0 0 0 0 0 0 0 0 0 0 0 0 0 0 0 0 0 0 0 0 0 0 0 0 0 0 0 0 0 0 0 0 0 0 0 0 0 
0 0 0 0 0 0 0 0 0 0 0 0 0 0 0 0 0 0 0 0 0 0 0 0 0 0 0 0 0 0 0 0 0 0 0 0 0 0 0 0 0 0 0 0 0 0 0 0 0 0 0 0 0 0 0 0 0 0 0 0 0 0 0 0 0 0 0 0 0 0 0 0 0 0 0 0 0 0 0 0 
0 0 0 0 0 0 0 0 0 0 0 0 0 0 0 0 0 0 0 0 0 0 0 0 0 0 0 0 0 0 0 0 0 0 0 0 0 0 0 0 0 0 0 0 0 0 0 0 0 0 0 0 0 0 0 0 0 0 0 0 0 0 0 0 0 0 0 0 0 0 0 0 0 0 0 0 0 0 0 0 
0 0 0 0 0 0 0 0 0 0 0 0 0 0 0 0 0 0 0 0 0 0 0 0 0 0 0 0 0 0 0 0 0 0 0 0 0 0 0 0 0 0 0 0 0 0 0 0 0 0 0 0 0 0 0 0 0 0 0 0 0 0 0 0 0 0 0 0 0 0 0 0 0 0 0 0 0 0 0 0 
0 0 0 0 0 0 0 0 0 0 0 0 0 0 0 0 0 0 0 0 0 0 0 0 0 0 0 0 0 0 0 0 0 0 0 0 0 0 0 0 0 0 0 0 0 0 0 0 0 0 0 0 0 0 0 0 0 0 0 0 0 0 0 0 0 0 0 0 0 0 0 0 0 0 0 0 0 0 0 0 
0 0 0 0 0 0 0 0 0 0 0 0 0 0 0 0 0 0 0 0 0 0 0 0 0 0 0 0 0 0 0 0 0 0 0 0 0 0 0 0 0 0 0 0 0 0 0 0 0 0 0 0 0 0 0 0 0 0 0 0 0 0 0 0 0 0 0 0 0 0 0 0 0 0 0 0 0 0 0 0 
0 0 0 0 0 0 0 0 0 0 0 0 0 0 0 0 0 0 0 0 0 0 0 0 0 0 0 0 0 0 0 0 0 0 0 0 0 0 0 0 0 0 0 0 0 0 0 0 0 0 0 0 0 0 0 0 0 0 0 0 0 0 0 0 0 0 0 0 0 0 0 0 0 0 0 0 0 0 0 0 
0 0 0 0 0 0 0 0 0 0 0 0 0 0 0 0 0 0 0 0 0 0 0 0 0 0 0 0 0 0 0 0 0 0 0 0 0 0 0 0 0 0 0 0 0 0 0 0 0 0 0 0 0 0 0 0 0 0 0 0 0 0 0 0 0 0 0 0 0 0 0 0 0 0 0 0 0 0 0 0 
0 0 0 0 0 0 0 0 0 0 0 0 0 0 0 0 0 0 0 0 0 0 0 0 0 0 0 0 0 0 0 0 0 0 0 0 0 0 0 0 0 0 0 0 0 0 0 0 0 0 0 0 0 0 0 0 0 0 0 0 0 0 0 0 0 0 0 0 0 0 0 0 0 0 0 0 0 0 0 0 
srcRect{2,14,79,29}
h:16,w:78
dstRect{0,0,77,15}
0 0 0 0 0 0 0 0 0 0 0 0 0 0 0 0 0 0 0 0 0 0 0 0 0 0 0 0 0 0 0 0 0 0 0 0 0 0 0 0 0 0 0 0 0 0 0 0 0 0 0 0 0 0 0 0 0 0 0 0 0 0 0 0 0 0 0 0 0 0 0 0 0 0 0 0 0 0 
0 0 0 0 1 1 1 0 0 0 0 0 0 0 0 0 0 0 0 0 1 1 1 0 0 0 0 0 0 0 0 0 0 0 0 0 0 0 0 0 0 0 0 0 0 0 0 0 0 0 0 0 0 0 0 0 0 0 0 0 0 0 0 0 0 0 0 0 0 0 0 0 0 0 0 0 0 0 
0 0 0 0 0 0 0 0 0 0 0 0 0 0 0 0 0 0 0 0 0 0 0 0 0 0 0 0 0 0 0 0 0 0 0 0 0 0 0 0 0 0 0 0 0 0 0 0 0 0 0 0 0 0 0 0 0 0 0 0 0 0 0 0 0 0 0 0 0 0 0 0 0 0 0 0 0 0 
0 0 0 0 0 0 0 0 0 0 0 0 0 0 0 0 0 0 0 0 0 0 0 0 0 0 0 0 0 0 0 0 0 0 0 0 0 1 1 1 0 0 0 0 0 0 0 0 0 0 0 0 0 1 1 1 1 1 1 1 0 0 0 0 0 0 0 0 0 0 0 0 1 1 1 0 0 0 
0 0 0 1 1 1 0 0 0 0 0 0 0 0 0 0 0 0 0 1 1 1 1 1 0 0 0 0 0 0 0 0 0 0 0 0 1 1 1 1 1 1 0 0 0 0 0 0 0 0 0 0 0 1 1 1 1 1 1 1 0 0 0 0 0 0 0 0 0 0 0 1 1 1 1 1 0 0 
0 0 1 1 1 1 1 0 0 0 0 0 0 0 0 0 0 0 1 1 1 0 1 1 1 0 0 0 0 0 0 0 0 0 0 1 1 1 0 0 1 1 0 0 0 0 0 0 0 0 0 0 0 0 0 0 0 1 1 1 0 0 0 0 0 0 0 0 0 0 1 1 0 0 0 1 1 0 
0 0 1 0 0 0 1 1 0 0 0 0 0 0 0 0 0 0 1 1 0 0 0 1 1 0 0 0 0 0 0 0 0 0 0 1 1 0 0 0 1 1 0 0 0 0 0 0 0 0 0 0 0 0 0 0 0 1 1 0 0 0 0 0 0 0 0 0 0 0 1 1 0 0 0 1 1 0 
0 1 1 0 0 0 1 1 0 0 0 0 0 0 0 0 0 0 1 1 0 0 0 1 1 0 0 0 0 0 0 0 0 0 0 1 1 1 0 0 1 1 0 0 0 0 0 0 0 0 0 0 0 0 0 0 1 1 1 0 0 0 0 0 0 0 0 0 0 0 1 1 0 0 0 1 1 0 
0 1 1 0 0 0 1 1 0 0 0 0 0 0 0 0 0 0 1 1 0 0 0 1 1 0 0 0 0 0 0 0 0 0 0 1 1 1 0 0 1 1 0 0 0 0 0 0 0 0 0 0 0 0 0 0 1 1 0 0 0 0 0 0 0 0 0 0 0 0 1 1 0 0 0 1 1 0 
0 1 1 0 0 0 1 1 0 0 0 0 0 0 0 0 0 0 1 1 0 0 0 1 1 0 0 0 0 0 0 0 0 0 0 1 1 1 0 0 1 1 0 0 0 0 0 0 0 0 0 0 0 0 0 0 1 1 0 0 0 0 0 0 0 0 0 0 0 0 1 1 0 0 0 1 1 0 
0 1 1 0 0 0 1 1 0 0 0 0 0 0 0 0 0 0 1 1 0 0 0 1 1 0 0 0 0 0 0 0 0 0 0 1 1 0 0 0 1 1 1 0 0 0 0 0 0 0 0 0 0 0 0 0 1 1 0 0 0 0 0 0 0 0 0 0 0 0 1 1 0 0 0 1 1 0 
0 1 1 0 0 0 1 1 0 0 0 0 0 0 0 0 0 0 1 1 0 0 0 1 1 0 0 0 0 0 0 0 0 0 0 1 1 0 0 0 1 1 0 0 0 0 0 0 0 0 0 0 0 0 0 1 1 1 0 0 0 0 0 0 0 0 0 0 0 0 0 1 1 0 0 1 1 0 
0 1 1 0 0 0 1 1 0 0 0 0 0 0 0 0 0 0 1 1 0 0 1 1 1 0 0 0 0 0 0 0 0 0 0 1 1 1 0 0 1 1 0 0 0 0 0 0 0 0 0 0 0 0 0 1 1 0 0 0 0 0 0 0 0 0 0 0 0 0 0 1 1 1 1 1 1 0 
0 0 1 1 1 1 1 0 0 0 0 0 0 0 0 0 0 0 1 1 1 1 1 1 0 0 0 0 0 0 0 0 0 0 0 0 1 1 1 1 1 1 0 0 0 0 0 0 0 0 0 0 0 0 0 1 1 0 0 0 0 0 0 0 0 0 0 0 0 0 0 0 1 1 1 1 0 0 
0 0 0 0 0 0 0 0 0 0 0 0 0 0 0 0 0 0 0 0 1 1 1 0 0 0 0 0 0 0 0 0 0 0 0 0 0 0 1 1 0 0 0 0 0 0 0 0 0 0 0 0 0 0 0 1 1 0 0 0 0 0 0 0 0 0 0 0 0 0 0 0 0 0 0 0 0 0 
0 0 0 0 0 0 0 0 0 0 0 0 0 0 0 0 0 0 0 0 0 0 0 0 0 0 0 0 0 0 0 0 0 0 0 0 0 0 0 0 0 0 0 0 0 0 0 0 0 0 0 0 0 0 0 0 0 0 0 0 0 0 0 0 0 0 0 0 0 0 0 0 0 0 0 0 0 0 
End
接下来打印获得的矩形区域：
第0个矩形：{1,1,7,1}
第1个矩形：{18,1,24,1}
第2个矩形：{35,3,42,14}
第3个矩形：{53,3,59,14}
第4个矩形：{70,0,76,16}
总共5个矩形
接下来打印获得的矩形区域：
第0个矩形：{1,1,7,1}
第1个矩形：{18,1,24,1}
第2个矩形：{35,3,42,14}
第3个矩形：{53,3,59,14}
第4个矩形：{70,0,76,16}
总共5个矩形
0 0 0 1 1 1 1 0 0 0 1 1 1 1 0 0 0 0 1 1 1 0 0 0 1 1 1 1 1 1 1 1 0 0 0 0 0 0 0 0 
0 0 0 1 1 1 1 0 0 0 1 1 1 1 0 0 0 1 1 1 1 1 1 0 1 1 1 1 1 1 1 1 0 0 0 0 0 0 0 0 
0 0 0 1 1 1 1 0 0 0 1 1 1 1 0 0 1 1 1 0 0 1 1 0 0 0 0 0 1 1 1 1 0 0 0 0 0 0 0 0 
0 0 0 1 1 1 1 0 0 0 1 1 1 1 0 0 1 1 1 0 0 1 1 0 0 0 0 0 1 1 1 1 0 0 1 1 1 1 0 0 
0 0 0 1 1 1 1 0 0 0 1 1 1 1 0 0 1 1 0 0 0 1 1 0 0 0 0 0 1 1 1 0 0 1 1 1 1 1 1 0 
0 0 0 1 1 1 1 0 0 0 1 1 1 1 0 0 1 1 1 0 0 1 1 0 0 0 0 1 1 1 1 0 1 1 0 0 0 0 1 1 
0 0 0 1 1 1 1 0 0 0 1 1 1 1 0 0 1 1 1 0 0 1 1 0 0 0 0 1 1 1 0 0 1 1 0 0 0 0 1 1 
0 0 0 1 1 1 1 0 0 0 1 1 1 1 0 0 1 1 1 0 0 1 1 0 0 0 0 1 1 1 0 0 1 1 0 0 0 0 1 1 
0 0 0 0 0 0 0 0 0 0 0 0 0 0 0 0 1 1 1 0 0 1 1 0 0 0 0 1 1 1 0 0 1 1 0 0 0 0 1 1 
0 0 0 0 0 0 0 0 0 0 0 0 0 0 0 0 1 1 0 0 0 1 1 1 0 0 0 1 1 1 0 0 1 1 0 0 0 0 1 1 
0 0 0 0 0 0 0 0 0 0 0 0 0 0 0 0 1 1 0 0 0 1 1 0 0 0 1 1 1 1 0 0 0 1 1 0 0 0 1 1 
0 0 0 0 0 0 0 0 0 0 0 0 0 0 0 0 1 1 0 0 0 1 1 0 0 0 1 1 1 1 0 0 0 1 1 1 1 1 1 1 
0 0 0 0 0 0 0 0 0 0 0 0 0 0 0 0 1 1 1 0 0 1 1 0 0 0 1 1 0 0 0 0 0 0 1 1 1 1 1 0 
0 0 0 0 0 0 0 0 0 0 0 0 0 0 0 0 0 1 1 1 1 1 1 0 0 0 1 1 0 0 0 0 0 0 0 0 0 0 0 0 
0 0 0 0 0 0 0 0 0 0 0 0 0 0 0 0 0 0 0 1 1 0 0 0 0 0 1 1 0 0 0 0 0 0 0 0 0 0 0 0 
0 0 0 0 0 0 0 0 0 0 0 0 0 0 0 0 0 0 0 1 1 0 0 0 0 0 1 1 0 0 0 0 0 8 27 1 0 0 8 27 
归一化之后的矩形：
接下来打印获得的矩形区域：
第0个矩形：{0,0,7,15}
第1个矩形：{8,0,15,15}
第2个矩形：{16,0,23,15}
第3个矩形：{24,0,31,15}
第4个矩形：{32,0,39,15}
总共5个矩形
4 12 4 12 0 0 0 0 32 4 0 0 8 
8 8 8 8 0 0 0 0 32 4 0 0 8 
11 8 11 8 9 9 8 7 71 5 4 0 8 
8 16 3 10 6 8 8 0 59 4 4 0 8 
2 2 9 9 9 10 3 3 47 3 3 0 8 
s[0]:777s[1]:1997s[2]:2810s[3]:2588s[4]:3546s[5]:2374s[6]:4361s[7]:2732s[8]:819s[9]:2639
min:777
s[0]:721s[1]:1933s[2]:2826s[3]:2596s[4]:3562s[5]:2246s[6]:4265s[7]:2644s[8]:763s[9]:2559
min:721
s[0]:646s[1]:120s[2]:253s[3]:215s[4]:431s[5]:147s[6]:668s[7]:83s[8]:658s[9]:164
min:83
s[0]:461s[1]:471s[2]:664s[3]:582s[4]:1088s[5]:712s[6]:1565s[7]:612s[8]:479s[9]:661
min:461
s[0]:123s[1]:789s[2]:1552s[3]:1350s[4]:1796s[5]:1016s[6]:2611s[7]:1262s[8]:153s[9]:1235
min:123

0
0
7
0
0