galobal thres:104
51 47 41 40 50 42 46 53 38 44 45 46 51 47 47 49 40 51 52 49 53 50 46 44 58 43 47 57 57 51 52 43 47 44 55 52 51 58 57 54 52 48 47 47 47 52 41 55 55 54 50 52 58 55 53 51 51 57 52 51 56 50 56 46 49 55 44 54 55 51 43 53 55 51 53 52 52 59 56 54 
51 52 51 47 44 52 42 41 51 50 54 48 43 50 49 42 45 43 50 55 48 49 49 51 54 52 55 55 52 55 54 47 48 52 49 43 55 52 56 49 52 58 45 50 51 50 50 54 54 52 51 55 58 54 51 51 58 57 48 57 61 55 60 49 58 53 48 43 55 55 50 49 50 54 54 59 45 56 55 45 
43 43 50 33 41 37 28 47 46 44 40 36 47 49 52 40 53 48 48 44 44 47 50 48 50 51 50 53 49 35 52 46 56 48 46 50 44 43 54 53 49 51 52 46 52 44 37 48 42 50 46 47 50 48 51 47 52 46 46 54 45 49 46 52 49 44 54 53 51 53 44 48 51 43 54 47 39 49 48 52 
37 35 36 48 38 52 46 42 42 46 47 50 45 49 46 37 49 57 56 39 55 45 41 49 57 59 47 51 51 48 60 49 48 51 48 52 45 43 51 48 49 40 55 46 51 48 49 47 47 44 51 59 49 51 54 55 54 46 49 48 56 48 56 53 45 50 44 46 48 51 52 58 47 51 47 54 49 53 43 52 
46 51 37 48 50 50 47 39 47 55 53 39 52 47 52 47 51 43 48 48 50 49 58 48 51 57 52 46 50 55 49 47 49 51 49 49 50 45 49 43 51 49 56 49 54 58 52 58 46 57 48 50 51 52 47 59 55 54 50 49 52 49 47 53 51 45 47 51 40 54 53 53 49 45 50 53 54 48 50 40 
42 41 36 39 48 44 46 35 45 30 35 36 49 41 45 48 43 39 52 46 41 39 44 40 47 43 39 44 48 48 44 55 49 46 54 36 44 46 46 54 42 51 51 42 51 47 38 50 48 45 53 39 46 49 46 45 56 49 41 47 44 50 55 49 43 39 45 53 48 50 52 56 55 51 46 50 51 47 47 45 
34 44 44 47 44 49 47 51 50 49 44 36 53 45 39 40 44 45 47 43 43 59 52 51 46 52 54 50 43 54 47 52 48 46 48 52 57 42 46 43 55 53 54 51 51 45 52 58 52 56 45 53 45 57 51 53 58 49 44 42 51 48 52 56 55 45 58 58 55 52 51 45 54 51 50 52 52 50 51 47 
43 49 34 40 49 51 49 41 48 55 50 55 50 38 50 51 58 51 59 49 52 54 54 54 58 55 54 43 52 51 53 53 55 54 55 50 57 58 52 58 56 54 57 58 54 60 52 51 51 63 63 58 53 49 63 54 55 51 52 53 51 58 56 61 60 51 52 55 55 47 54 48 55 52 56 51 58 50 53 51 
35 55 41 37 46 47 39 47 47 48 39 49 46 52 44 50 46 46 49 41 50 56 55 51 43 40 48 55 54 44 55 57 51 48 54 44 60 50 55 53 48 48 35 57 54 55 52 53 50 59 56 52 46 55 44 46 54 52 48 47 58 50 53 53 48 49 44 45 55 57 47 53 55 49 59 56 51 50 47 46 
37 55 39 53 42 48 43 41 55 38 51 45 49 54 48 48 49 55 45 46 54 56 49 46 45 53 60 49 57 53 51 62 56 51 45 56 58 60 46 51 55 60 46 61 55 61 58 60 61 60 57 56 51 54 53 56 58 51 45 51 59 63 64 57 53 54 51 54 54 53 47 47 55 52 60 54 48 54 58 56 
48 48 42 45 45 48 48 48 50 51 43 47 50 52 53 50 47 51 49 52 54 55 53 48 48 56 56 65 49 54 51 53 61 56 60 58 60 55 58 58 59 62 43 57 57 59 61 63 55 57 56 54 60 57 49 58 62 59 61 47 54 58 55 60 54 55 54 52 62 54 57 53 55 53 55 60 57 54 58 49 
31 41 35 27 45 38 44 45 49 49 51 52 48 47 48 52 61 43 52 47 56 50 44 49 44 46 53 53 50 53 50 48 52 43 47 39 52 53 54 53 54 47 43 58 53 56 57 56 57 54 46 55 55 55 57 49 58 56 51 44 51 47 47 55 45 50 56 49 51 52 52 43 49 48 55 55 53 55 55 56 
42 42 43 46 45 42 49 49 37 44 40 44 51 49 51 55 53 52 47 50 48 48 59 54 61 46 42 61 49 47 57 48 55 46 48 59 59 57 46 52 48 50 54 59 55 51 46 53 54 46 57 52 57 54 52 49 54 42 47 51 53 54 56 53 44 54 53 51 52 54 53 50 50 55 48 47 53 48 52 48 
45 42 35 45 45 57 43 48 39 65 63 49 49 56 57 40 47 42 59 54 56 61 60 52 59 58 55 58 50 51 53 56 64 54 53 53 58 54 62 56 55 55 56 60 52 61 61 56 60 60 62 54 54 59 50 54 45 54 55 54 60 55 56 57 48 55 50 47 60 52 57 52 57 54 55 56 57 59 54 57 
43 31 31 30 63 80 68 47 77 84 48 35 59 51 58 38 41 34 47 31 41 89 92 92 96 94 53 46 32 39 36 31 51 45 40 41 42 37 60 83 90 85 66 42 44 51 57 55 54 63 63 65 44 46 52 63 76 64 59 61 56 44 57 53 43 43 41 47 53 47 56 40 37 54 57 56 43 49 47 49 
38 40 23 37 51 110 119 122 117 60 44 63 49 57 58 39 44 39 43 49 40 37 76 95 87 48 50 48 58 55 30 31 45 43 43 36 41 42 47 40 53 48 43 48 46 46 62 67 55 65 64 49 44 43 45 34 44 47 44 44 45 37 49 49 50 36 37 41 38 45 47 52 43 46 45 49 43 45 41 41 
48 50 40 47 40 47 43 41 49 43 46 44 61 63 57 47 41 39 45 40 52 44 51 52 51 50 42 46 49 43 45 36 47 51 47 46 47 50 44 46 49 51 46 47 41 41 62 65 68 63 64 65 51 42 52 47 50 53 54 52 50 44 44 41 44 43 48 31 47 47 47 40 40 46 60 51 48 55 48 47 
40 30 34 46 47 41 42 35 47 52 41 33 62 62 43 34 30 45 47 51 54 57 123 144 117 58 52 42 42 33 34 34 36 49 50 41 51 53 66 148 165 163 140 51 42 36 51 68 65 64 57 60 40 31 61 158 164 167 166 165 163 155 42 37 33 32 39 26 35 38 33 43 37 135 153 152 150 91 38 42 
32 41 41 54 53 136 142 148 131 49 40 39 62 67 58 43 52 54 45 54 81 166 166 166 167 170 65 45 46 41 47 36 47 50 58 51 58 69 174 181 172 171 174 163 47 51 55 70 63 68 72 67 46 45 60 146 143 139 139 157 173 162 47 42 42 38 45 44 43 58 46 50 99 165 157 115 155 156 71 45 
45 50 45 58 141 143 128 141 152 119 46 38 63 66 50 42 46 53 59 58 160 169 91 69 134 171 141 50 45 55 41 45 54 53 57 59 62 126 176 139 65 63 160 170 71 42 55 70 64 71 72 70 47 46 63 64 68 65 71 168 177 99 43 47 48 46 38 37 46 58 55 63 154 168 60 56 59 161 158 54 
34 45 39 102 144 73 47 54 151 148 42 49 60 54 48 42 36 61 64 63 170 162 65 59 65 178 166 64 70 66 31 37 42 41 68 65 63 156 184 85 69 67 128 179 69 51 48 69 60 72 71 66 42 55 65 68 68 70 65 183 175 63 61 61 51 29 41 36 39 64 60 56 158 168 65 59 50 157 164 36 
39 47 45 118 151 68 66 69 161 152 29 34 57 71 46 45 36 71 65 70 169 155 64 69 68 180 164 44 47 49 35 36 44 45 75 79 76 159 188 108 90 82 137 185 75 44 38 70 72 78 74 73 57 78 69 82 74 76 130 184 139 76 35 35 46 35 33 45 39 65 69 65 148 166 60 48 44 158 163 54 
37 47 50 132 156 77 69 74 163 151 44 43 66 71 42 43 46 73 69 74 172 163 64 73 76 180 162 38 57 55 37 42 42 51 80 82 82 161 195 108 96 88 135 187 85 53 47 64 76 71 74 71 53 95 73 84 70 77 187 190 81 77 48 41 46 37 43 41 41 70 72 68 142 169 71 58 57 159 163 64 
34 43 38 137 154 79 75 77 163 148 28 27 63 66 47 38 45 75 68 77 171 154 65 64 71 179 162 47 71 91 42 41 46 43 86 78 68 160 193 101 90 85 131 185 92 59 53 65 73 74 68 74 53 81 62 72 75 72 182 176 71 70 43 43 45 40 39 40 45 68 60 71 127 165 69 50 48 156 163 57 
37 51 60 135 150 75 78 81 161 149 39 44 59 59 49 46 40 81 65 82 171 155 67 64 74 180 153 63 78 97 41 37 46 48 73 74 65 157 180 93 68 71 127 175 94 65 57 67 67 75 74 71 64 71 62 65 63 108 184 153 59 61 55 54 54 56 44 42 50 60 60 58 108 166 87 56 65 156 162 69 
40 60 51 138 158 81 80 86 165 145 46 43 63 70 51 44 55 76 77 79 174 153 55 64 77 175 154 50 61 64 53 45 70 74 69 70 68 151 177 96 50 50 141 173 72 49 49 67 72 65 75 72 50 55 53 57 59 148 177 98 62 63 54 51 45 51 49 47 46 59 56 51 86 167 141 61 60 158 159 59 
33 54 45 127 156 95 93 95 163 132 43 39 56 60 39 43 44 82 67 79 166 170 97 71 146 172 123 49 54 52 43 40 60 58 72 78 58 91 170 172 103 126 172 160 66 65 50 66 63 66 73 67 53 55 58 57 55 164 168 59 48 57 59 51 53 44 34 37 37 54 46 53 55 155 158 160 158 158 116 53 
39 40 42 72 130 144 140 149 144 84 44 52 59 61 49 46 49 73 69 63 109 156 160 160 155 153 65 44 53 41 49 42 47 43 65 64 61 58 131 164 162 162 155 98 54 44 37 62 64 68 71 63 58 50 53 55 53 157 156 56 48 55 70 35 48 40 42 43 48 49 44 50 51 52 142 143 148 103 56 55 
60 62 56 56 61 56 58 66 55 61 55 59 64 65 56 56 64 66 58 55 63 67 82 81 83 57 67 59 61 60 68 61 64 64 57 55 64 62 64 71 93 94 72 64 61 64 57 60 58 64 62 61 58 53 53 51 61 83 88 60 63 59 47 57 56 54 58 51 54 55 48 51 56 50 54 56 50 53 61 49 
53 46 60 56 59 54 54 65 54 58 59 55 51 60 59 62 56 62 60 59 64 60 57 70 62 62 68 65 72 66 65 64 67 71 69 67 72 67 70 71 72 68 68 57 66 62 64 60 63 53 55 57 54 60 59 57 57 60 63 58 54 52 63 63 53 50 58 61 56 57 55 54 48 54 45 62 56 56 58 59 
50 60 58 61 56 58 52 62 59 64 58 62 54 71 58 60 59 61 61 67 66 60 63 68 62 72 68 68 61 68 68 62 66 72 62 68 70 77 71 76 70 67 61 73 70 62 62 57 58 65 55 64 55 62 64 62 62 57 61 53 55 48 54 56 58 57 54 53 50 57 52 53 57 54 55 52 61 57 55 62 
56 57 58 60 60 57 53 65 55 57 62 61 67 65 57 60 59 63 63 60 65 65 62 69 64 66 63 80 70 69 63 68 69 69 71 72 73 71 72 69 69 63 71 66 68 69 70 60 60 64 55 59 59 55 58 57 56 56 57 60 58 56 58 60 58 54 56 58 57 59 56 57 53 49 60 53 63 62 58 53 
58 57 52 60 48 62 51 60 58 55 48 58 59 60 59 45 58 60 58 56 61 60 58 66 66 66 61 62 66 68 68 64 59 64 67 65 61 64 67 49 60 60 67 66 57 55 60 49 53 58 54 57 51 58 56 52 49 53 55 55 59 49 52 56 50 54 50 43 52 54 52 47 53 52 54 59 59 48 53 50 
58 61 55 53 59 57 55 50 63 63 66 51 57 58 59 68 62 62 66 60 67 61 58 66 66 62 56 66 67 66 66 67 59 63 60 58 69 66 57 53 59 60 56 60 53 56 67 53 54 47 62 53 54 53 53 58 56 56 48 60 54 54 50 58 57 55 54 57 50 45 45 52 45 51 57 55 53 49 53 47 
63 64 55 59 64 60 59 64 64 58 60 62 68 57 64 64 69 55 66 64 68 65 59 65 63 63 63 63 69 61 62 65 68 75 66 62 68 65 62 65 64 65 63 60 59 54 59 53 52 56 52 57 58 54 54 55 49 62 53 49 55 63 53 59 57 57 58 63 57 51 58 54 59 57 58 56 50 48 57 49 
53 46 56 60 56 56 56 61 61 54 64 49 59 61 65 62 57 67 64 58 64 56 61 62 59 65 64 60 61 62 69 65 68 59 65 66 61 59 60 56 59 60 64 55 58 67 55 59 48 53 48 45 58 59 60 52 52 50 55 48 49 47 59 46 49 49 54 61 55 53 52 55 42 56 56 45 60 53 52 44 
53 53 56 59 60 65 63 62 60 58 64 61 62 54 51 54 68 59 66 58 59 64 65 62 64 66 62 63 67 62 64 61 64 63 64 59 56 58 61 68 61 61 59 47 57 58 58 52 60 56 60 57 56 61 59 59 58 56 49 51 55 62 49 52 49 52 51 48 57 53 50 55 54 47 59 55 52 52 58 54 
59 62 65 52 60 61 61 63 64 63 65 62 66 65 68 63 59 62 65 65 66 66 65 61 61 64 61 64 59 61 61 64 60 63 54 60 61 54 63 61 61 61 61 54 57 59 58 48 59 58 63 51 53 58 60 56 59 51 64 56 63 56 54 48 56 52 58 60 52 52 53 59 54 55 63 54 51 53 49 53 
51 58 45 55 54 59 59 55 55 63 59 63 59 60 60 62 60 61 62 60 59 61 59 57 54 60 59 65 60 63 58 61 55 59 59 57 47 51 61 48 48 49 53 55 54 55 50 55 50 47 50 52 54 44 54 52 51 48 54 52 53 48 46 54 50 45 57 61 52 51 54 45 46 44 45 40 43 42 41 41 
49 51 51 56 60 61 56 62 59 59 58 57 65 59 57 52 62 57 60 65 62 55 59 60 59 63 54 63 62 62 51 62 67 64 54 56 52 55 54 60 55 52 57 57 53 55 58 52 56 63 61 54 50 51 51 53 55 51 47 52 57 51 44 42 53 50 55 53 43 53 50 55 53 40 41 52 51 50 49 43 
59 55 56 55 61 48 61 55 53 60 63 55 57 61 61 64 62 55 54 60 58 64 64 53 65 64 57 55 48 64 60 59 50 50 56 57 62 54 58 60 56 56 52 57 56 43 54 56 56 55 57 48 49 43 60 45 51 55 51 55 54 52 55 50 53 52 50 53 43 51 47 52 52 50 50 51 47 53 55 49 
62 56 54 58 57 58 61 61 58 60 58 56 61 49 59 58 51 60 54 56 62 61 57 57 50 45 61 60 62 59 54 53 54 56 55 51 61 57 57 53 54 51 54 46 51 52 52 49 51 50 41 52 49 45 49 51 52 45 53 49 51 46 47 47 57 51 54 48 51 50 48 40 50 42 40 41 44 43 56 41 
55 56 58 52 64 56 60 53 58 61 60 63 60 53 61 63 50 51 63 59 56 56 54 62 62 52 55 59 63 62 64 59 61 55 58 60 60 53 49 54 57 57 58 58 56 56 58 59 47 56 52 52 49 42 50 61 52 48 49 42 48 47 46 52 56 50 57 40 51 48 48 53 42 54 38 48 46 52 35 53 
49 58 62 51 56 69 57 65 64 55 54 67 50 60 63 64 63 62 61 62 62 51 62 58 61 59 65 63 54 67 60 57 60 56 61 59 48 57 53 59 62 63 59 49 60 55 53 57 54 47 52 54 54 52 53 53 59 57 54 47 51 59 54 46 49 53 52 55 50 53 52 46 59 53 52 45 50 47 49 47 
60 47 54 56 60 56 59 59 58 59 56 52 63 58 60 48 58 51 49 54 58 61 55 47 54 61 60 57 59 62 55 60 57 55 58 52 50 50 51 48 50 45 54 54 52 55 54 50 54 50 49 59 40 48 54 38 48 46 50 53 52 53 48 44 46 43 54 45 48 39 46 47 45 50 46 39 43 44 49 31 
54 63 61 56 56 63 57 67 58 52 61 62 61 63 51 65 63 60 63 47 54 52 59 62 51 43 60 68 66 66 64 62 57 58 59 56 52 56 59 62 59 56 56 53 51 56 49 57 47 55 56 56 48 51 54 51 47 52 52 52 53 52 50 49 50 48 54 50 46 40 46 53 44 43 45 48 53 45 45 50 
48 60 58 66 58 65 63 64 55 61 62 63 60 58 55 61 61 60 60 63 62 51 60 64 64 61 64 74 73 89 74 66 69 63 65 55 61 50 52 55 58 57 49 51 60 58 54 52 47 54 57 56 53 51 46 54 57 54 48 53 52 47 45 52 58 45 56 56 58 49 54 50 50 51 57 56 48 49 52 47 
41 36 46 57 48 61 56 54 48 49 56 56 53 64 54 67 62 58 55 65 62 59 57 64 63 64 60 68 73 98 76 70 61 65 61 54 61 52 51 58 55 52 48 61 57 47 54 52 51 59 50 47 51 44 42 45 58 51 47 42 57 48 52 53 52 50 53 55 54 47 56 52 49 51 45 55 50 55 56 53 
40 32 35 41 49 49 48 50 40 51 52 53 57 54 60 53 55 52 58 52 62 57 55 65 57 63 68 61 76 76 69 68 64 64 64 57 58 52 52 54 56 51 56 52 44 55 52 54 55 51 52 49 52 57 51 54 65 46 56 53 50 55 48 59 56 55 55 52 55 54 51 46 47 51 61 50 56 55 63 50 
49 45 42 45 41 39 44 39 36 47 41 48 46 43 51 52 58 48 52 56 56 60 57 55 51 63 66 62 61 65 69 67 68 67 62 70 62 61 61 70 62 63 57 62 62 67 60 61 63 65 58 64 62 68 63 66 56 59 56 58 58 56 57 55 58 54 62 48 55 48 53 55 53 59 55 51 49 55 52 50 
30 44 38 44 36 47 36 40 39 47 35 45 35 45 36 34 42 46 44 45 42 46 50 43 47 57 48 56 56 50 43 55 48 55 53 57 50 51 53 49 55 48 49 53 52 46 54 55 60 51 56 45 51 48 58 46 59 58 58 55 52 49 48 54 60 51 51 45 54 51 52 53 43 47 48 43 48 47 56 49 
48 46 29 48 52 44 35 46 39 43 40 45 34 44 48 39 41 42 36 40 52 50 45 48 50 48 50 50 42 50 48 44 51 42 49 45 50 49 54 46 50 54 52 47 47 48 45 46 44 50 50 39 51 45 50 52 46 44 44 51 44 51 46 45 55 48 55 55 49 52 56 53 41 52 42 50 45 50 57 50 
41 52 29 44 45 37 42 36 43 44 45 43 41 39 43 53 46 35 47 44 39 47 43 51 52 46 54 49 46 52 51 50 56 45 53 55 49 42 48 46 45 47 49 44 42 42 46 40 51 52 42 50 43 56 52 50 49 45 43 51 54 52 47 58 43 47 42 47 54 45 45 54 45 54 53 52 53 56 50 46 
45 38 32 43 33 34 29 40 30 45 40 38 40 33 55 35 51 43 53 38 44 44 39 37 39 47 43 41 53 44 38 47 37 48 38 45 38 45 47 39 47 41 42 45 43 42 42 32 41 47 44 36 40 52 40 44 44 45 52 49 46 35 43 47 45 40 45 49 42 40 44 49 50 42 41 49 46 36 41 48 
38 37 31 46 36 42 35 43 46 36 47 41 41 47 37 46 44 40 49 40 42 44 42 47 48 48 48 39 50 46 39 49 50 51 45 43 46 44 51 51 46 48 44 45 47 45 44 47 43 47 43 42 55 44 40 41 41 45 46 38 39 50 46 48 48 45 39 46 43 47 34 44 44 40 38 42 48 48 49 44 
44 47 47 37 39 38 45 39 38 44 49 38 44 46 44 47 45 44 48 34 51 46 47 38 41 38 55 41 47 47 52 50 48 49 48 49 38 44 48 50 54 44 49 48 46 45 57 52 47 50 47 50 40 51 51 51 46 53 49 40 42 47 49 41 48 47 52 57 53 45 46 44 54 45 45 49 46 46 48 37 
32 49 29 45 39 33 37 40 24 33 34 36 41 35 43 49 54 39 36 37 38 40 43 43 49 39 34 38 42 41 33 41 46 41 35 47 43 44 52 42 43 42 39 46 41 35 36 43 50 39 46 32 41 42 46 46 34 37 47 41 43 44 47 54 47 43 29 36 40 46 53 36 41 31 49 47 45 46 47 43 
51 49 37 31 34 37 39 40 41 42 45 52 37 45 43 49 41 48 43 47 47 47 50 48 40 38 46 42 44 51 44 40 49 46 52 50 46 44 42 37 47 44 43 45 44 42 47 37 45 46 53 46 42 44 44 39 41 44 43 47 44 47 39 48 41 52 47 44 51 35 43 46 48 44 39 40 48 50 51 41 
38 46 41 40 42 41 42 47 42 42 44 41 45 50 45 48 36 47 43 46 43 47 50 45 44 44 49 47 51 50 46 37 46 49 54 50 53 51 47 40 51 49 53 51 48 50 42 48 41 44 49 46 53 45 51 40 45 52 47 49 51 41 46 49 39 50 51 51 39 41 53 41 51 50 44 52 52 51 53 46 
25 36 35 42 43 42 40 36 27 35 39 42 45 48 44 51 34 34 50 42 42 40 39 46 42 44 44 41 45 46 46 47 44 46 46 40 43 36 39 40 45 36 46 39 49 39 36 43 39 41 40 48 44 40 41 50 43 39 39 34 43 51 48 40 44 35 41 44 49 47 43 38 54 49 41 48 31 47 50 40 
0 0 0 0 0 0 0 0 0 0 0 0 0 0 0 0 0 0 0 0 0 0 0 0 0 0 0 0 0 0 0 0 0 0 0 0 0 0 0 0 0 0 0 0 0 0 0 0 0 0 0 0 0 0 0 0 0 0 0 0 0 0 0 0 0 0 0 0 0 0 0 0 0 0 0 0 0 0 0 0 
0 0 0 0 0 0 0 0 0 0 0 0 0 0 0 0 0 0 0 0 0 0 0 0 0 0 0 0 0 0 0 0 0 0 0 0 0 0 0 0 0 0 0 0 0 0 0 0 0 0 0 0 0 0 0 0 0 0 0 0 0 0 0 0 0 0 0 0 0 0 0 0 0 0 0 0 0 0 0 0 
0 0 0 0 0 0 0 0 0 0 0 0 0 0 0 0 0 0 0 0 0 0 0 0 0 0 0 0 0 0 0 0 0 0 0 0 0 0 0 0 0 0 0 0 0 0 0 0 0 0 0 0 0 0 0 0 0 0 0 0 0 0 0 0 0 0 0 0 0 0 0 0 0 0 0 0 0 0 0 0 
0 0 0 0 0 0 0 0 0 0 0 0 0 0 0 0 0 0 0 0 0 0 0 0 0 0 0 0 0 0 0 0 0 0 0 0 0 0 0 0 0 0 0 0 0 0 0 0 0 0 0 0 0 0 0 0 0 0 0 0 0 0 0 0 0 0 0 0 0 0 0 0 0 0 0 0 0 0 0 0 
0 0 0 0 0 0 0 0 0 0 0 0 0 0 0 0 0 0 0 0 0 0 0 0 0 0 0 0 0 0 0 0 0 0 0 0 0 0 0 0 0 0 0 0 0 0 0 0 0 0 0 0 0 0 0 0 0 0 0 0 0 0 0 0 0 0 0 0 0 0 0 0 0 0 0 0 0 0 0 0 
0 0 0 0 0 0 0 0 0 0 0 0 0 0 0 0 0 0 0 0 0 0 0 0 0 0 0 0 0 0 0 0 0 0 0 0 0 0 0 0 0 0 0 0 0 0 0 0 0 0 0 0 0 0 0 0 0 0 0 0 0 0 0 0 0 0 0 0 0 0 0 0 0 0 0 0 0 0 0 0 
0 0 0 0 0 0 0 0 0 0 0 0 0 0 0 0 0 0 0 0 0 0 0 0 0 0 0 0 0 0 0 0 0 0 0 0 0 0 0 0 0 0 0 0 0 0 0 0 0 0 0 0 0 0 0 0 0 0 0 0 0 0 0 0 0 0 0 0 0 0 0 0 0 0 0 0 0 0 0 0 
0 0 0 0 0 0 0 0 0 0 0 0 0 0 0 0 0 0 0 0 0 0 0 0 0 0 0 0 0 0 0 0 0 0 0 0 0 0 0 0 0 0 0 0 0 0 0 0 0 0 0 0 0 0 0 0 0 0 0 0 0 0 0 0 0 0 0 0 0 0 0 0 0 0 0 0 0 0 0 0 
0 0 0 0 0 0 0 0 0 0 0 0 0 0 0 0 0 0 0 0 0 0 0 0 0 0 0 0 0 0 0 0 0 0 0 0 0 0 0 0 0 0 0 0 0 0 0 0 0 0 0 0 0 0 0 0 0 0 0 0 0 0 0 0 0 0 0 0 0 0 0 0 0 0 0 0 0 0 0 0 
0 0 0 0 0 0 0 0 0 0 0 0 0 0 0 0 0 0 0 0 0 0 0 0 0 0 0 0 0 0 0 0 0 0 0 0 0 0 0 0 0 0 0 0 0 0 0 0 0 0 0 0 0 0 0 0 0 0 0 0 0 0 0 0 0 0 0 0 0 0 0 0 0 0 0 0 0 0 0 0 
0 0 0 0 0 0 0 0 0 0 0 0 0 0 0 0 0 0 0 0 0 0 0 0 0 0 0 0 0 0 0 0 0 0 0 0 0 0 0 0 0 0 0 0 0 0 0 0 0 0 0 0 0 0 0 0 0 0 0 0 0 0 0 0 0 0 0 0 0 0 0 0 0 0 0 0 0 0 0 0 
0 0 0 0 0 0 0 0 0 0 0 0 0 0 0 0 0 0 0 0 0 0 0 0 0 0 0 0 0 0 0 0 0 0 0 0 0 0 0 0 0 0 0 0 0 0 0 0 0 0 0 0 0 0 0 0 0 0 0 0 0 0 0 0 0 0 0 0 0 0 0 0 0 0 0 0 0 0 0 0 
0 0 0 0 0 0 0 0 0 0 0 0 0 0 0 0 0 0 0 0 0 0 0 0 0 0 0 0 0 0 0 0 0 0 0 0 0 0 0 0 0 0 0 0 0 0 0 0 0 0 0 0 0 0 0 0 0 0 0 0 0 0 0 0 0 0 0 0 0 0 0 0 0 0 0 0 0 0 0 0 
0 0 0 0 0 0 0 0 0 0 0 0 0 0 0 0 0 0 0 0 0 0 0 0 0 0 0 0 0 0 0 0 0 0 0 0 0 0 0 0 0 0 0 0 0 0 0 0 0 0 0 0 0 0 0 0 0 0 0 0 0 0 0 0 0 0 0 0 0 0 0 0 0 0 0 0 0 0 0 0 
0 0 0 0 0 0 0 0 0 0 0 0 0 0 0 0 0 0 0 0 0 0 0 0 0 0 0 0 0 0 0 0 0 0 0 0 0 0 0 0 0 0 0 0 0 0 0 0 0 0 0 0 0 0 0 0 0 0 0 0 0 0 0 0 0 0 0 0 0 0 0 0 0 0 0 0 0 0 0 0 
0 0 0 0 0 1 1 1 1 0 0 0 0 0 0 0 0 0 0 0 0 0 0 0 0 0 0 0 0 0 0 0 0 0 0 0 0 0 0 0 0 0 0 0 0 0 0 0 0 0 0 0 0 0 0 0 0 0 0 0 0 0 0 0 0 0 0 0 0 0 0 0 0 0 0 0 0 0 0 0 
0 0 0 0 0 0 0 0 0 0 0 0 0 0 0 0 0 0 0 0 0 0 0 0 0 0 0 0 0 0 0 0 0 0 0 0 0 0 0 0 0 0 0 0 0 0 0 0 0 0 0 0 0 0 0 0 0 0 0 0 0 0 0 0 0 0 0 0 0 0 0 0 0 0 0 0 0 0 0 0 
0 0 0 0 0 0 0 0 0 0 0 0 0 0 0 0 0 0 0 0 0 0 1 1 1 0 0 0 0 0 0 0 0 0 0 0 0 0 0 1 1 1 1 0 0 0 0 0 0 0 0 0 0 0 0 1 1 1 1 1 1 1 0 0 0 0 0 0 0 0 0 0 0 1 1 1 1 0 0 0 
0 0 0 0 0 1 1 1 1 0 0 0 0 0 0 0 0 0 0 0 0 1 1 1 1 1 0 0 0 0 0 0 0 0 0 0 0 0 1 1 1 1 1 1 0 0 0 0 0 0 0 0 0 0 0 1 1 1 1 1 1 1 0 0 0 0 0 0 0 0 0 0 0 1 1 1 1 1 0 0 
0 0 0 0 1 1 1 1 1 1 0 0 0 0 0 0 0 0 0 0 1 1 0 0 1 1 1 0 0 0 0 0 0 0 0 0 0 1 1 1 0 0 1 1 0 0 0 0 0 0 0 0 0 0 0 0 0 0 0 1 1 0 0 0 0 0 0 0 0 0 0 0 1 1 0 0 0 1 1 0 
0 0 0 0 1 0 0 0 1 1 0 0 0 0 0 0 0 0 0 0 1 1 0 0 0 1 1 0 0 0 0 0 0 0 0 0 0 1 1 0 0 0 1 1 0 0 0 0 0 0 0 0 0 0 0 0 0 0 0 1 1 0 0 0 0 0 0 0 0 0 0 0 1 1 0 0 0 1 1 0 
0 0 0 1 1 0 0 0 1 1 0 0 0 0 0 0 0 0 0 0 1 1 0 0 0 1 1 0 0 0 0 0 0 0 0 0 0 1 1 1 0 0 1 1 0 0 0 0 0 0 0 0 0 0 0 0 0 0 1 1 1 0 0 0 0 0 0 0 0 0 0 0 1 1 0 0 0 1 1 0 
0 0 0 1 1 0 0 0 1 1 0 0 0 0 0 0 0 0 0 0 1 1 0 0 0 1 1 0 0 0 0 0 0 0 0 0 0 1 1 1 0 0 1 1 0 0 0 0 0 0 0 0 0 0 0 0 0 0 1 1 0 0 0 0 0 0 0 0 0 0 0 0 1 1 0 0 0 1 1 0 
0 0 0 1 1 0 0 0 1 1 0 0 0 0 0 0 0 0 0 0 1 1 0 0 0 1 1 0 0 0 0 0 0 0 0 0 0 1 1 0 0 0 1 1 0 0 0 0 0 0 0 0 0 0 0 0 0 0 1 1 0 0 0 0 0 0 0 0 0 0 0 0 1 1 0 0 0 1 1 0 
0 0 0 1 1 0 0 0 1 1 0 0 0 0 0 0 0 0 0 0 1 1 0 0 0 1 1 0 0 0 0 0 0 0 0 0 0 1 1 0 0 0 1 1 0 0 0 0 0 0 0 0 0 0 0 0 0 1 1 1 0 0 0 0 0 0 0 0 0 0 0 0 1 1 0 0 0 1 1 0 
0 0 0 1 1 0 0 0 1 1 0 0 0 0 0 0 0 0 0 0 1 1 0 0 0 1 1 0 0 0 0 0 0 0 0 0 0 1 1 0 0 0 1 1 0 0 0 0 0 0 0 0 0 0 0 0 0 1 1 0 0 0 0 0 0 0 0 0 0 0 0 0 0 1 1 0 0 1 1 0 
0 0 0 1 1 0 0 0 1 1 0 0 0 0 0 0 0 0 0 0 1 1 0 0 1 1 1 0 0 0 0 0 0 0 0 0 0 0 1 1 0 1 1 1 0 0 0 0 0 0 0 0 0 0 0 0 0 1 1 0 0 0 0 0 0 0 0 0 0 0 0 0 0 1 1 1 1 1 1 0 
0 0 0 0 1 1 1 1 1 0 0 0 0 0 0 0 0 0 0 0 1 1 1 1 1 1 0 0 0 0 0 0 0 0 0 0 0 0 1 1 1 1 1 0 0 0 0 0 0 0 0 0 0 0 0 0 0 1 1 0 0 0 0 0 0 0 0 0 0 0 0 0 0 0 1 1 1 0 0 0 
0 0 0 0 0 0 0 0 0 0 0 0 0 0 0 0 0 0 0 0 0 0 0 0 0 0 0 0 0 0 0 0 0 0 0 0 0 0 0 0 0 0 0 0 0 0 0 0 0 0 0 0 0 0 0 0 0 0 0 0 0 0 0 0 0 0 0 0 0 0 0 0 0 0 0 0 0 0 0 0 
0 0 0 0 0 0 0 0 0 0 0 0 0 0 0 0 0 0 0 0 0 0 0 0 0 0 0 0 0 0 0 0 0 0 0 0 0 0 0 0 0 0 0 0 0 0 0 0 0 0 0 0 0 0 0 0 0 0 0 0 0 0 0 0 0 0 0 0 0 0 0 0 0 0 0 0 0 0 0 0 
0 0 0 0 0 0 0 0 0 0 0 0 0 0 0 0 0 0 0 0 0 0 0 0 0 0 0 0 0 0 0 0 0 0 0 0 0 0 0 0 0 0 0 0 0 0 0 0 0 0 0 0 0 0 0 0 0 0 0 0 0 0 0 0 0 0 0 0 0 0 0 0 0 0 0 0 0 0 0 0 
0 0 0 0 0 0 0 0 0 0 0 0 0 0 0 0 0 0 0 0 0 0 0 0 0 0 0 0 0 0 0 0 0 0 0 0 0 0 0 0 0 0 0 0 0 0 0 0 0 0 0 0 0 0 0 0 0 0 0 0 0 0 0 0 0 0 0 0 0 0 0 0 0 0 0 0 0 0 0 0 
0 0 0 0 0 0 0 0 0 0 0 0 0 0 0 0 0 0 0 0 0 0 0 0 0 0 0 0 0 0 0 0 0 0 0 0 0 0 0 0 0 0 0 0 0 0 0 0 0 0 0 0 0 0 0 0 0 0 0 0 0 0 0 0 0 0 0 0 0 0 0 0 0 0 0 0 0 0 0 0 
0 0 0 0 0 0 0 0 0 0 0 0 0 0 0 0 0 0 0 0 0 0 0 0 0 0 0 0 0 0 0 0 0 0 0 0 0 0 0 0 0 0 0 0 0 0 0 0 0 0 0 0 0 0 0 0 0 0 0 0 0 0 0 0 0 0 0 0 0 0 0 0 0 0 0 0 0 0 0 0 
0 0 0 0 0 0 0 0 0 0 0 0 0 0 0 0 0 0 0 0 0 0 0 0 0 0 0 0 0 0 0 0 0 0 0 0 0 0 0 0 0 0 0 0 0 0 0 0 0 0 0 0 0 0 0 0 0 0 0 0 0 0 0 0 0 0 0 0 0 0 0 0 0 0 0 0 0 0 0 0 
0 0 0 0 0 0 0 0 0 0 0 0 0 0 0 0 0 0 0 0 0 0 0 0 0 0 0 0 0 0 0 0 0 0 0 0 0 0 0 0 0 0 0 0 0 0 0 0 0 0 0 0 0 0 0 0 0 0 0 0 0 0 0 0 0 0 0 0 0 0 0 0 0 0 0 0 0 0 0 0 
0 0 0 0 0 0 0 0 0 0 0 0 0 0 0 0 0 0 0 0 0 0 0 0 0 0 0 0 0 0 0 0 0 0 0 0 0 0 0 0 0 0 0 0 0 0 0 0 0 0 0 0 0 0 0 0 0 0 0 0 0 0 0 0 0 0 0 0 0 0 0 0 0 0 0 0 0 0 0 0 
0 0 0 0 0 0 0 0 0 0 0 0 0 0 0 0 0 0 0 0 0 0 0 0 0 0 0 0 0 0 0 0 0 0 0 0 0 0 0 0 0 0 0 0 0 0 0 0 0 0 0 0 0 0 0 0 0 0 0 0 0 0 0 0 0 0 0 0 0 0 0 0 0 0 0 0 0 0 0 0 
0 0 0 0 0 0 0 0 0 0 0 0 0 0 0 0 0 0 0 0 0 0 0 0 0 0 0 0 0 0 0 0 0 0 0 0 0 0 0 0 0 0 0 0 0 0 0 0 0 0 0 0 0 0 0 0 0 0 0 0 0 0 0 0 0 0 0 0 0 0 0 0 0 0 0 0 0 0 0 0 
0 0 0 0 0 0 0 0 0 0 0 0 0 0 0 0 0 0 0 0 0 0 0 0 0 0 0 0 0 0 0 0 0 0 0 0 0 0 0 0 0 0 0 0 0 0 0 0 0 0 0 0 0 0 0 0 0 0 0 0 0 0 0 0 0 0 0 0 0 0 0 0 0 0 0 0 0 0 0 0 
0 0 0 0 0 0 0 0 0 0 0 0 0 0 0 0 0 0 0 0 0 0 0 0 0 0 0 0 0 0 0 0 0 0 0 0 0 0 0 0 0 0 0 0 0 0 0 0 0 0 0 0 0 0 0 0 0 0 0 0 0 0 0 0 0 0 0 0 0 0 0 0 0 0 0 0 0 0 0 0 
0 0 0 0 0 0 0 0 0 0 0 0 0 0 0 0 0 0 0 0 0 0 0 0 0 0 0 0 0 0 0 0 0 0 0 0 0 0 0 0 0 0 0 0 0 0 0 0 0 0 0 0 0 0 0 0 0 0 0 0 0 0 0 0 0 0 0 0 0 0 0 0 0 0 0 0 0 0 0 0 
0 0 0 0 0 0 0 0 0 0 0 0 0 0 0 0 0 0 0 0 0 0 0 0 0 0 0 0 0 0 0 0 0 0 0 0 0 0 0 0 0 0 0 0 0 0 0 0 0 0 0 0 0 0 0 0 0 0 0 0 0 0 0 0 0 0 0 0 0 0 0 0 0 0 0 0 0 0 0 0 
0 0 0 0 0 0 0 0 0 0 0 0 0 0 0 0 0 0 0 0 0 0 0 0 0 0 0 0 0 0 0 0 0 0 0 0 0 0 0 0 0 0 0 0 0 0 0 0 0 0 0 0 0 0 0 0 0 0 0 0 0 0 0 0 0 0 0 0 0 0 0 0 0 0 0 0 0 0 0 0 
0 0 0 0 0 0 0 0 0 0 0 0 0 0 0 0 0 0 0 0 0 0 0 0 0 0 0 0 0 0 0 0 0 0 0 0 0 0 0 0 0 0 0 0 0 0 0 0 0 0 0 0 0 0 0 0 0 0 0 0 0 0 0 0 0 0 0 0 0 0 0 0 0 0 0 0 0 0 0 0 
0 0 0 0 0 0 0 0 0 0 0 0 0 0 0 0 0 0 0 0 0 0 0 0 0 0 0 0 0 0 0 0 0 0 0 0 0 0 0 0 0 0 0 0 0 0 0 0 0 0 0 0 0 0 0 0 0 0 0 0 0 0 0 0 0 0 0 0 0 0 0 0 0 0 0 0 0 0 0 0 
0 0 0 0 0 0 0 0 0 0 0 0 0 0 0 0 0 0 0 0 0 0 0 0 0 0 0 0 0 0 0 0 0 0 0 0 0 0 0 0 0 0 0 0 0 0 0 0 0 0 0 0 0 0 0 0 0 0 0 0 0 0 0 0 0 0 0 0 0 0 0 0 0 0 0 0 0 0 0 0 
0 0 0 0 0 0 0 0 0 0 0 0 0 0 0 0 0 0 0 0 0 0 0 0 0 0 0 0 0 0 0 0 0 0 0 0 0 0 0 0 0 0 0 0 0 0 0 0 0 0 0 0 0 0 0 0 0 0 0 0 0 0 0 0 0 0 0 0 0 0 0 0 0 0 0 0 0 0 0 0 
0 0 0 0 0 0 0 0 0 0 0 0 0 0 0 0 0 0 0 0 0 0 0 0 0 0 0 0 0 0 0 0 0 0 0 0 0 0 0 0 0 0 0 0 0 0 0 0 0 0 0 0 0 0 0 0 0 0 0 0 0 0 0 0 0 0 0 0 0 0 0 0 0 0 0 0 0 0 0 0 
0 0 0 0 0 0 0 0 0 0 0 0 0 0 0 0 0 0 0 0 0 0 0 0 0 0 0 0 0 0 0 0 0 0 0 0 0 0 0 0 0 0 0 0 0 0 0 0 0 0 0 0 0 0 0 0 0 0 0 0 0 0 0 0 0 0 0 0 0 0 0 0 0 0 0 0 0 0 0 0 
0 0 0 0 0 0 0 0 0 0 0 0 0 0 0 0 0 0 0 0 0 0 0 0 0 0 0 0 0 0 0 0 0 0 0 0 0 0 0 0 0 0 0 0 0 0 0 0 0 0 0 0 0 0 0 0 0 0 0 0 0 0 0 0 0 0 0 0 0 0 0 0 0 0 0 0 0 0 0 0 
0 0 0 0 0 0 0 0 0 0 0 0 0 0 0 0 0 0 0 0 0 0 0 0 0 0 0 0 0 0 0 0 0 0 0 0 0 0 0 0 0 0 0 0 0 0 0 0 0 0 0 0 0 0 0 0 0 0 0 0 0 0 0 0 0 0 0 0 0 0 0 0 0 0 0 0 0 0 0 0 
0 0 0 0 0 0 0 0 0 0 0 0 0 0 0 0 0 0 0 0 0 0 0 0 0 0 0 0 0 0 0 0 0 0 0 0 0 0 0 0 0 0 0 0 0 0 0 0 0 0 0 0 0 0 0 0 0 0 0 0 0 0 0 0 0 0 0 0 0 0 0 0 0 0 0 0 0 0 0 0 
0 0 0 0 0 0 0 0 0 0 0 0 0 0 0 0 0 0 0 0 0 0 0 0 0 0 0 0 0 0 0 0 0 0 0 0 0 0 0 0 0 0 0 0 0 0 0 0 0 0 0 0 0 0 0 0 0 0 0 0 0 0 0 0 0 0 0 0 0 0 0 0 0 0 0 0 0 0 0 0 
0 0 0 0 0 0 0 0 0 0 0 0 0 0 0 0 0 0 0 0 0 0 0 0 0 0 0 0 0 0 0 0 0 0 0 0 0 0 0 0 0 0 0 0 0 0 0 0 0 0 0 0 0 0 0 0 0 0 0 0 0 0 0 0 0 0 0 0 0 0 0 0 0 0 0 0 0 0 0 0 
0 0 0 0 0 0 0 0 0 0 0 0 0 0 0 0 0 0 0 0 0 0 0 0 0 0 0 0 0 0 0 0 0 0 0 0 0 0 0 0 0 0 0 0 0 0 0 0 0 0 0 0 0 0 0 0 0 0 0 0 0 0 0 0 0 0 0 0 0 0 0 0 0 0 0 0 0 0 0 0 
0 0 0 0 0 0 0 0 0 0 0 0 0 0 0 0 0 0 0 0 0 0 0 0 0 0 0 0 0 0 0 0 0 0 0 0 0 0 0 0 0 0 0 0 0 0 0 0 0 0 0 0 0 0 0 0 0 0 0 0 0 0 0 0 0 0 0 0 0 0 0 0 0 0 0 0 0 0 0 0 
0 0 0 0 0 0 0 0 0 0 0 0 0 0 0 0 0 0 0 0 0 0 0 0 0 0 0 0 0 0 0 0 0 0 0 0 0 0 0 0 0 0 0 0 0 0 0 0 0 0 0 0 0 0 0 0 0 0 0 0 0 0 0 0 0 0 0 0 0 0 0 0 0 0 0 0 0 0 0 0 
0 0 0 0 0 0 0 0 0 0 0 0 0 0 0 0 0 0 0 0 0 0 0 0 0 0 0 0 0 0 0 0 0 0 0 0 0 0 0 0 0 0 0 0 0 0 0 0 0 0 0 0 0 0 0 0 0 0 0 0 0 0 0 0 0 0 0 0 0 0 0 0 0 0 0 0 0 0 0 0 
0 0 0 0 0 0 0 0 0 0 0 0 0 0 0 0 0 0 0 0 0 0 0 0 0 0 0 0 0 0 0 0 0 0 0 0 0 0 0 0 0 0 0 0 0 0 0 0 0 0 0 0 0 0 0 0 0 0 0 0 0 0 0 0 0 0 0 0 0 0 0 0 0 0 0 0 0 0 0 0 
srcRect{2,14,79,28}
h:15,w:78
dstRect{0,0,77,14}
0 0 0 0 0 0 0 0 0 0 0 0 0 0 0 0 0 0 0 0 0 0 0 0 0 0 0 0 0 0 0 0 0 0 0 0 0 0 0 0 0 0 0 0 0 0 0 0 0 0 0 0 0 0 0 0 0 0 0 0 0 0 0 0 0 0 0 0 0 0 0 0 0 0 0 0 0 0 
0 0 0 1 1 1 1 0 0 0 0 0 0 0 0 0 0 0 0 0 0 0 0 0 0 0 0 0 0 0 0 0 0 0 0 0 0 0 0 0 0 0 0 0 0 0 0 0 0 0 0 0 0 0 0 0 0 0 0 0 0 0 0 0 0 0 0 0 0 0 0 0 0 0 0 0 0 0 
0 0 0 0 0 0 0 0 0 0 0 0 0 0 0 0 0 0 0 0 0 0 0 0 0 0 0 0 0 0 0 0 0 0 0 0 0 0 0 0 0 0 0 0 0 0 0 0 0 0 0 0 0 0 0 0 0 0 0 0 0 0 0 0 0 0 0 0 0 0 0 0 0 0 0 0 0 0 
0 0 0 0 0 0 0 0 0 0 0 0 0 0 0 0 0 0 0 0 1 1 1 0 0 0 0 0 0 0 0 0 0 0 0 0 0 1 1 1 1 0 0 0 0 0 0 0 0 0 0 0 0 1 1 1 1 1 1 1 0 0 0 0 0 0 0 0 0 0 0 1 1 1 1 0 0 0 
0 0 0 1 1 1 1 0 0 0 0 0 0 0 0 0 0 0 0 1 1 1 1 1 0 0 0 0 0 0 0 0 0 0 0 0 1 1 1 1 1 1 0 0 0 0 0 0 0 0 0 0 0 1 1 1 1 1 1 1 0 0 0 0 0 0 0 0 0 0 0 1 1 1 1 1 0 0 
0 0 1 1 1 1 1 1 0 0 0 0 0 0 0 0 0 0 1 1 0 0 1 1 1 0 0 0 0 0 0 0 0 0 0 1 1 1 0 0 1 1 0 0 0 0 0 0 0 0 0 0 0 0 0 0 0 1 1 0 0 0 0 0 0 0 0 0 0 0 1 1 0 0 0 1 1 0 
0 0 1 0 0 0 1 1 0 0 0 0 0 0 0 0 0 0 1 1 0 0 0 1 1 0 0 0 0 0 0 0 0 0 0 1 1 0 0 0 1 1 0 0 0 0 0 0 0 0 0 0 0 0 0 0 0 1 1 0 0 0 0 0 0 0 0 0 0 0 1 1 0 0 0 1 1 0 
0 1 1 0 0 0 1 1 0 0 0 0 0 0 0 0 0 0 1 1 0 0 0 1 1 0 0 0 0 0 0 0 0 0 0 1 1 1 0 0 1 1 0 0 0 0 0 0 0 0 0 0 0 0 0 0 1 1 1 0 0 0 0 0 0 0 0 0 0 0 1 1 0 0 0 1 1 0 
0 1 1 0 0 0 1 1 0 0 0 0 0 0 0 0 0 0 1 1 0 0 0 1 1 0 0 0 0 0 0 0 0 0 0 1 1 1 0 0 1 1 0 0 0 0 0 0 0 0 0 0 0 0 0 0 1 1 0 0 0 0 0 0 0 0 0 0 0 0 1 1 0 0 0 1 1 0 
0 1 1 0 0 0 1 1 0 0 0 0 0 0 0 0 0 0 1 1 0 0 0 1 1 0 0 0 0 0 0 0 0 0 0 1 1 0 0 0 1 1 0 0 0 0 0 0 0 0 0 0 0 0 0 0 1 1 0 0 0 0 0 0 0 0 0 0 0 0 1 1 0 0 0 1 1 0 
0 1 1 0 0 0 1 1 0 0 0 0 0 0 0 0 0 0 1 1 0 0 0 1 1 0 0 0 0 0 0 0 0 0 0 1 1 0 0 0 1 1 0 0 0 0 0 0 0 0 0 0 0 0 0 1 1 1 0 0 0 0 0 0 0 0 0 0 0 0 1 1 0 0 0 1 1 0 
0 1 1 0 0 0 1 1 0 0 0 0 0 0 0 0 0 0 1 1 0 0 0 1 1 0 0 0 0 0 0 0 0 0 0 1 1 0 0 0 1 1 0 0 0 0 0 0 0 0 0 0 0 0 0 1 1 0 0 0 0 0 0 0 0 0 0 0 0 0 0 1 1 0 0 1 1 0 
0 1 1 0 0 0 1 1 0 0 0 0 0 0 0 0 0 0 1 1 0 0 1 1 1 0 0 0 0 0 0 0 0 0 0 0 1 1 0 1 1 1 0 0 0 0 0 0 0 0 0 0 0 0 0 1 1 0 0 0 0 0 0 0 0 0 0 0 0 0 0 1 1 1 1 1 1 0 
0 0 1 1 1 1 1 0 0 0 0 0 0 0 0 0 0 0 1 1 1 1 1 1 0 0 0 0 0 0 0 0 0 0 0 0 1 1 1 1 1 0 0 0 0 0 0 0 0 0 0 0 0 0 0 1 1 0 0 0 0 0 0 0 0 0 0 0 0 0 0 0 1 1 1 0 0 0 
0 0 0 0 0 0 0 0 0 0 0 0 0 0 0 0 0 0 0 0 0 0 0 0 0 0 0 0 0 0 0 0 0 0 0 0 0 0 0 0 0 0 0 0 0 0 0 0 0 0 0 0 0 0 0 0 0 0 0 0 0 0 0 0 0 0 0 0 0 0 0 0 0 0 0 0 0 0 
End
接下来打印获得的矩形区域：
第0个矩形：{1,1,7,1}
第1个矩形：{18,3,24,13}
第2个矩形：{35,3,41,13}
第3个矩形：{53,3,59,13}
第4个矩形：{70,0,76,15}
总共5个矩形
接下来打印获得的矩形区域：
第0个矩形：{1,1,7,1}
第1个矩形：{18,3,24,13}
第2个矩形：{35,3,41,13}
第3个矩形：{53,3,59,13}
第4个矩形：{70,0,76,15}
总共5个矩形
0 0 1 1 1 1 1 0 0 0 1 1 1 1 0 0 0 0 1 1 1 1 1 0 1 1 1 1 1 1 1 1 0 0 0 0 0 0 0 0 
0 0 1 1 1 1 1 0 0 1 1 1 1 1 1 0 0 1 1 1 1 1 1 1 1 1 1 1 1 1 1 1 0 0 0 0 0 0 0 0 
0 0 1 1 1 1 1 0 0 1 1 1 1 1 1 0 0 1 1 1 1 1 1 1 1 1 1 1 1 1 1 1 0 0 0 0 0 0 0 0 
0 0 1 1 1 1 1 0 1 1 0 0 1 1 1 1 1 1 1 0 0 0 1 1 0 0 0 0 1 1 1 0 0 1 1 1 1 1 0 0 
0 0 1 1 1 1 1 0 1 1 0 0 0 0 1 1 1 1 0 0 0 0 1 1 0 0 0 0 1 1 1 0 0 1 1 1 1 1 1 0 
0 0 1 1 1 1 1 0 1 1 0 0 0 0 1 1 1 1 0 0 0 0 1 1 0 0 0 0 1 1 1 0 1 1 0 0 0 0 1 1 
0 0 1 1 1 1 1 0 1 1 0 0 0 0 1 1 1 1 1 0 0 0 1 1 0 0 0 1 1 1 1 0 1 1 0 0 0 0 1 1 
0 0 1 1 1 1 1 0 1 1 0 0 0 0 1 1 1 1 1 0 0 0 1 1 0 0 0 1 1 1 0 0 1 1 0 0 0 0 1 1 
0 0 0 0 0 0 0 0 1 1 0 0 0 0 1 1 1 1 0 0 0 0 1 1 0 0 0 1 1 1 0 0 1 1 0 0 0 0 1 1 
0 0 0 0 0 0 0 0 1 1 0 0 0 0 1 1 1 1 0 0 0 0 1 1 0 0 0 1 1 1 0 0 1 1 0 0 0 0 1 1 
0 0 0 0 0 0 0 0 1 1 0 0 0 0 1 1 1 1 0 0 0 0 1 1 0 0 1 1 1 1 0 0 1 1 0 0 0 0 1 1 
0 0 0 0 0 0 0 0 1 1 0 0 0 0 1 1 1 1 0 0 0 0 1 1 0 0 1 1 0 0 0 0 0 1 1 0 0 0 1 1 
0 0 0 0 0 0 0 0 1 1 0 0 0 0 1 1 1 1 0 0 0 0 1 1 0 0 1 1 0 0 0 0 0 1 1 1 1 1 1 1 
0 0 0 0 0 0 0 0 1 1 0 0 1 1 1 1 0 1 1 0 1 1 1 1 0 0 1 1 0 0 0 0 0 0 1 1 1 1 0 0 
0 0 0 0 0 0 0 0 1 1 1 1 1 1 1 0 0 1 1 1 1 1 1 0 0 0 1 1 0 0 0 0 0 0 0 0 0 0 0 0 
0 0 0 0 0 0 0 0 1 1 1 1 1 1 1 0 0 1 1 1 1 1 1 0 0 0 1 1 0 0 0 0 0 8 27 1 0 0 8 27 
归一化之后的矩形：
接下来打印获得的矩形区域：
第0个矩形：{0,0,7,15}
第1个矩形：{8,0,15,15}
第2个矩形：{16,0,23,15}
第3个矩形：{24,0,31,15}
第4个矩形：{32,0,39,15}
总共5个矩形
8 12 8 12 0 0 0 0 40 5 0 8 8 
10 12 8 8 8 8 12 12 78 3 3 8 8 
11 13 10 8 8 8 10 12 80 3 3 8 8 
12 15 2 11 6 6 8 0 60 3 4 8 8 
3 2 9 9 8 8 6 6 51 3 3 8 8 

0
0
0
0
0