galobal thres:104
44 55 46 51 49 43 51 54 48 42 46 54 52 52 57 50 49 47 44 53 49 51 57 51 52 55 52 51 50 57 52 60 48 51 51 59 52 51 48 53 57 50 56 43 55 58 53 61 57 57 49 52 53 54 53 56 53 49 54 59 40 56 54 55 56 56 44 49 51 50 48 48 60 53 52 56 55 59 58 55 
46 51 48 48 43 50 48 41 51 52 42 43 46 53 58 50 54 41 44 56 48 49 55 53 51 54 45 58 46 53 43 56 53 52 54 47 52 58 55 54 52 55 53 50 57 53 53 56 56 55 58 53 55 52 63 48 55 50 53 46 53 57 54 47 50 56 52 47 60 57 55 58 48 55 50 49 57 63 57 50 
44 49 42 37 48 46 49 43 44 44 53 44 56 52 45 47 42 53 31 43 50 49 41 45 49 49 45 45 49 48 46 46 51 50 53 40 51 48 44 54 48 46 52 49 53 51 41 44 48 53 60 49 55 46 46 45 52 51 49 45 53 59 51 49 52 39 47 55 45 52 45 48 54 57 47 57 54 52 56 48 
43 44 50 37 53 42 41 52 42 43 46 48 45 38 48 45 48 48 52 42 53 53 50 44 53 51 55 53 49 52 44 49 57 49 55 55 46 44 46 53 53 52 53 49 39 54 45 51 53 53 53 57 51 53 47 47 55 47 49 63 41 46 54 50 51 49 57 43 46 43 50 47 49 58 47 52 56 52 48 57 
46 50 49 47 51 47 43 50 51 56 46 49 54 46 39 50 46 55 46 54 54 55 57 59 56 50 57 49 54 56 52 51 48 42 48 49 51 46 51 56 56 51 59 54 48 55 55 47 49 56 56 59 50 49 53 53 48 53 44 61 51 60 53 59 49 58 55 51 48 48 55 49 55 50 51 51 57 59 58 53 
43 40 27 37 37 34 39 56 45 43 43 44 51 48 45 39 46 50 47 48 46 47 49 49 49 53 56 47 46 50 48 39 57 50 52 49 51 39 46 55 42 48 54 41 41 49 48 50 45 46 52 43 46 47 43 40 49 46 51 40 50 48 44 48 44 49 51 48 52 53 44 50 50 51 49 52 44 47 48 45 
49 45 44 53 44 44 49 49 41 50 47 39 46 47 53 44 52 43 49 41 53 45 49 53 58 46 46 54 51 47 49 44 51 54 55 50 55 46 46 51 54 51 57 49 46 58 54 57 48 57 51 57 51 52 54 52 58 46 44 54 55 62 49 50 50 49 49 53 48 52 48 50 56 53 52 57 51 48 52 43 
49 60 49 41 52 52 38 55 55 57 44 47 49 36 47 52 54 59 53 58 57 50 47 56 50 57 50 57 54 52 54 48 56 51 55 58 55 56 49 52 56 57 46 60 59 49 55 55 52 54 59 61 52 56 59 54 50 56 58 59 55 50 60 53 55 55 54 54 57 61 55 54 57 51 55 59 59 58 55 62 
41 49 51 42 46 48 44 38 49 48 43 55 50 43 49 58 46 44 55 45 45 48 56 49 59 51 40 55 49 46 50 48 52 52 46 51 52 53 50 53 42 57 51 56 60 47 61 57 48 53 61 50 51 52 58 53 47 42 52 53 54 50 38 48 44 52 51 52 53 58 49 52 53 43 58 49 51 45 51 52 
47 51 33 47 40 44 43 46 53 50 44 51 53 52 48 46 48 53 55 49 55 55 51 51 58 53 52 56 54 52 47 53 55 56 52 55 65 53 49 54 60 54 55 62 58 61 53 58 54 60 53 53 52 61 59 58 52 57 56 56 51 53 55 47 54 52 48 49 50 49 44 52 55 57 57 52 58 61 53 53 
43 54 55 41 43 42 47 53 48 50 48 52 57 49 48 54 49 52 55 48 44 55 54 53 55 56 55 60 60 61 52 56 56 56 59 60 47 58 47 60 52 50 56 56 57 61 61 53 51 60 57 58 56 51 52 60 60 56 58 51 48 52 58 53 56 51 52 55 57 62 51 59 56 51 49 51 60 48 59 55 
34 44 39 51 46 41 32 50 53 60 50 53 39 53 54 57 49 50 51 52 58 50 58 51 50 46 53 44 41 48 52 48 56 49 55 55 58 59 58 53 58 55 50 57 51 52 55 53 55 56 51 56 55 49 54 45 55 53 54 50 54 54 50 47 57 51 53 53 59 48 58 50 50 42 49 44 49 45 59 51 
48 58 53 52 45 44 40 45 53 50 50 48 40 50 43 51 49 53 48 46 60 51 49 55 56 52 47 59 62 49 50 52 48 49 59 46 58 61 51 47 56 57 59 52 57 52 54 49 49 48 52 55 58 51 51 56 56 54 54 54 52 56 53 54 57 55 62 52 44 60 50 52 58 59 52 51 64 57 58 54 
53 37 44 42 48 60 46 41 33 66 58 48 58 52 59 47 61 53 54 55 50 60 61 57 55 63 58 48 52 56 48 50 57 56 58 53 49 62 50 55 56 60 61 56 57 59 55 51 61 59 48 64 54 53 47 57 43 58 53 51 49 56 57 56 49 45 56 54 54 46 54 53 58 55 51 56 59 59 53 58 
36 33 25 35 60 82 72 46 76 93 46 47 55 62 64 41 36 33 43 43 35 88 100 97 102 100 48 47 41 45 42 46 49 40 37 27 44 49 58 89 88 82 89 48 44 45 55 55 60 62 54 60 42 36 48 65 92 67 62 54 50 47 53 51 40 39 45 52 47 45 48 53 51 56 54 54 56 40 44 48 
34 35 34 37 41 100 117 123 115 55 39 64 59 61 58 44 37 43 45 41 43 38 70 94 77 45 45 48 50 55 40 45 49 44 51 38 45 49 48 42 43 46 37 41 39 46 54 51 61 66 63 63 49 50 45 53 43 44 43 47 46 41 47 51 37 44 45 40 34 47 38 36 42 37 45 40 46 47 48 43 
36 43 42 41 41 45 40 45 30 43 45 45 64 66 60 49 43 47 48 42 38 52 51 52 42 49 48 47 49 49 44 46 44 53 42 52 56 43 46 48 48 55 49 49 44 41 57 69 71 67 68 63 49 38 44 55 52 56 57 57 52 55 46 45 49 36 53 40 49 44 45 48 43 44 44 56 44 50 52 48 
36 45 45 40 52 52 58 53 53 42 41 38 60 68 56 35 36 33 50 52 57 60 132 152 129 59 57 46 39 36 45 39 40 49 51 40 54 55 70 154 167 167 150 53 45 42 56 66 68 66 69 61 33 39 61 162 167 170 168 168 170 159 36 46 29 42 37 44 45 37 44 50 47 130 154 156 155 101 36 47 
42 42 46 49 56 140 143 147 136 50 29 46 60 64 56 40 37 54 57 53 82 165 169 169 172 169 76 52 40 47 37 40 50 59 59 52 59 66 173 181 173 175 176 168 56 53 59 71 65 65 73 74 37 39 61 135 139 132 130 147 181 170 51 42 48 41 41 37 40 57 49 50 93 164 165 115 159 160 91 43 
34 44 41 56 146 146 119 142 154 129 47 46 61 64 53 47 41 57 59 65 165 170 88 71 123 177 154 48 46 49 45 48 41 46 67 60 55 126 180 138 61 71 156 172 83 56 51 69 71 67 76 70 45 44 61 63 66 64 58 168 183 99 49 49 55 43 39 46 47 68 64 60 152 168 62 56 54 167 161 50 
33 44 42 91 150 79 54 62 150 155 46 55 60 62 50 32 35 56 57 66 170 164 69 61 65 179 174 65 79 74 43 35 44 37 67 66 62 153 184 88 70 65 118 179 84 47 49 75 75 71 71 73 51 47 71 69 66 72 71 184 182 60 55 59 58 42 39 40 41 59 64 58 154 174 66 56 52 161 168 40 
31 35 52 120 157 65 71 70 159 152 33 44 58 67 52 29 47 74 69 61 170 165 68 72 70 177 175 50 45 41 36 41 43 49 73 77 74 154 191 123 86 81 127 190 88 50 43 67 78 75 70 75 59 80 79 73 76 72 131 186 147 80 46 40 45 36 35 42 42 65 71 76 142 169 65 38 50 164 164 59 
41 55 52 127 159 80 76 74 163 156 47 43 64 66 56 38 49 77 70 77 177 165 68 67 75 181 174 43 53 49 40 41 51 44 74 86 84 153 197 119 95 104 130 190 94 41 49 70 75 77 76 79 52 91 76 79 74 88 185 189 90 76 46 46 41 48 45 39 38 75 68 82 124 168 73 53 52 155 163 66 
35 51 47 133 153 90 77 86 166 153 36 35 69 62 43 33 40 74 67 75 173 164 73 66 70 179 162 46 75 95 36 43 48 51 85 80 73 152 191 114 95 91 122 187 108 63 53 74 71 74 72 68 54 83 66 71 77 80 184 179 62 72 55 53 31 45 38 46 32 64 62 73 116 167 71 53 49 154 161 75 
38 51 62 133 155 79 86 83 163 158 40 40 58 58 43 49 43 76 68 71 173 158 67 72 78 180 165 62 78 93 46 39 60 51 75 74 68 150 183 107 67 70 114 178 112 71 47 73 66 72 74 76 54 62 67 68 61 105 179 154 60 63 59 55 50 50 46 40 31 58 59 59 107 170 89 65 61 144 166 84 
36 61 55 137 157 87 90 85 164 154 41 45 63 64 58 54 47 77 73 76 170 162 70 63 75 177 165 50 55 55 49 50 68 75 68 70 72 141 177 114 58 52 131 175 85 52 50 68 69 66 72 70 54 60 58 58 63 144 176 110 64 62 53 46 51 52 46 50 48 58 60 56 77 169 151 62 59 159 166 68 
41 53 49 116 155 99 79 104 163 139 46 39 67 66 39 45 45 77 70 71 167 172 99 69 155 175 130 50 63 51 43 39 59 60 69 75 61 82 176 169 119 137 172 164 64 59 53 61 62 66 70 68 53 54 47 56 51 167 170 57 54 51 58 55 57 43 39 31 46 58 44 42 53 158 159 158 159 161 126 54 
38 47 46 61 133 144 135 147 145 76 40 50 61 57 40 34 44 69 75 63 93 151 160 161 160 158 64 50 48 43 50 35 47 39 67 63 62 59 119 166 162 163 156 101 46 44 35 64 69 69 68 58 54 55 51 51 51 158 156 48 53 49 70 44 42 36 48 39 36 54 49 51 50 45 132 147 145 107 54 45 
62 59 58 57 60 62 62 62 63 64 63 60 62 65 64 65 67 58 68 58 66 67 75 69 76 65 58 61 65 70 63 62 59 56 58 63 64 56 63 63 95 88 71 61 61 57 57 56 65 63 60 60 60 53 57 52 59 79 81 51 57 57 57 54 51 47 54 48 58 54 59 54 58 52 61 67 58 56 65 50 
56 53 57 60 54 61 58 62 65 59 62 65 62 57 56 65 58 68 62 68 66 58 61 63 61 66 66 63 63 65 61 71 72 72 68 75 76 64 71 68 69 70 65 68 66 63 64 56 58 56 59 66 59 68 56 57 58 55 60 61 62 62 66 62 54 58 52 55 56 61 48 48 55 58 51 57 60 55 58 63 
68 62 62 54 62 57 52 57 63 57 59 60 58 65 62 63 64 64 67 57 63 63 62 63 62 71 73 66 68 70 64 68 65 66 75 69 69 73 71 70 69 72 70 67 64 66 66 63 62 53 61 59 60 60 61 57 61 61 59 59 58 61 60 54 55 57 58 43 56 54 53 56 51 58 56 55 55 52 56 58 
51 55 56 61 62 62 57 55 52 52 59 62 62 67 56 62 60 56 64 63 71 66 66 66 64 65 70 69 70 73 64 70 68 75 73 67 71 72 72 74 71 67 71 69 78 66 65 58 61 60 61 63 63 55 56 49 62 59 62 56 53 58 58 58 60 59 52 55 54 60 60 60 56 56 60 54 56 54 63 51 
53 63 50 60 48 61 57 59 61 61 59 61 63 50 65 48 59 58 62 58 60 61 63 57 66 60 63 64 63 60 70 71 65 67 64 64 64 64 60 61 63 51 64 58 61 57 65 58 53 57 54 57 59 53 56 52 55 55 61 54 58 57 58 45 48 55 42 51 51 56 52 45 57 55 56 43 56 50 56 54 
56 52 59 56 59 61 59 56 69 62 65 56 57 54 67 59 62 59 62 58 68 63 64 71 66 62 69 66 66 58 66 65 63 66 67 69 65 60 60 67 56 67 61 57 64 64 72 60 60 56 58 59 53 61 55 56 57 58 50 56 55 45 50 55 61 48 42 55 50 54 49 52 49 57 52 56 63 50 57 53 
60 55 51 60 64 65 64 69 62 67 65 63 64 58 65 60 68 63 64 68 68 67 60 64 73 63 58 67 62 70 64 71 70 70 67 67 63 68 69 67 62 65 63 63 60 60 63 60 57 53 58 60 55 62 58 65 61 63 52 57 54 62 51 58 57 65 54 58 53 52 54 55 56 56 58 54 55 51 62 58 
57 60 60 61 58 61 64 52 67 61 57 55 63 59 61 66 64 67 56 61 56 59 71 60 67 62 61 56 69 65 66 67 58 66 65 59 64 53 61 67 59 60 61 58 56 66 53 49 49 58 58 51 52 62 56 55 54 55 59 49 52 53 57 52 48 54 49 61 55 55 59 52 62 50 48 51 52 58 45 55 
57 58 52 63 64 61 66 55 71 62 57 62 66 56 59 61 60 63 65 61 61 61 66 66 63 68 70 64 57 65 65 65 65 58 61 66 63 60 68 54 51 62 54 56 58 56 62 57 59 58 55 54 56 56 54 56 54 54 52 49 59 54 50 53 56 49 44 39 57 55 46 47 57 55 60 57 47 55 55 48 
64 59 54 56 57 66 60 59 61 64 67 60 70 58 67 63 71 64 66 66 61 65 66 65 66 63 66 68 62 65 65 67 61 64 63 67 65 61 61 68 59 63 58 63 62 61 60 56 54 53 63 56 54 58 63 52 58 45 60 58 58 52 54 55 57 58 54 53 58 63 58 52 56 54 54 52 56 55 55 54 
57 52 51 57 57 58 65 60 61 65 51 47 53 59 66 60 57 55 61 51 58 62 54 57 61 63 59 54 64 56 57 52 58 56 58 58 52 54 54 49 51 57 60 55 55 55 55 53 55 57 56 57 54 55 55 51 58 51 42 44 51 54 60 47 45 51 49 48 45 46 54 56 46 49 50 44 43 40 53 46 
57 54 50 57 57 63 59 61 61 66 57 65 60 54 60 55 59 57 61 62 61 52 53 53 61 57 63 56 54 65 55 57 64 45 56 50 59 53 61 61 56 57 58 60 54 55 57 48 60 56 56 52 52 53 54 52 46 58 52 43 47 50 48 45 52 54 53 57 48 50 49 43 50 49 50 46 50 47 47 44 
56 59 61 57 58 62 68 69 62 56 66 56 55 58 59 63 60 56 60 63 55 65 60 67 64 65 63 58 56 62 57 63 64 64 61 55 56 60 54 54 53 49 52 55 55 62 56 58 57 63 57 57 58 53 56 53 52 53 50 58 60 56 56 46 56 51 49 56 52 55 49 50 58 55 49 56 55 66 54 52 
57 48 57 59 62 54 58 59 60 59 49 61 63 48 61 54 62 59 64 60 60 60 49 61 50 60 59 61 55 59 62 50 55 55 59 61 53 57 56 61 53 57 49 60 55 54 48 47 51 53 52 51 50 51 46 51 57 49 48 49 45 52 47 52 43 51 49 56 48 44 38 48 49 42 41 46 40 48 56 48 
53 58 51 57 57 59 57 62 58 65 60 61 60 62 61 57 58 57 63 60 56 62 59 59 61 57 47 54 60 56 53 57 55 56 51 53 57 50 54 59 51 51 56 52 53 49 52 54 55 53 53 51 54 49 51 52 51 54 56 54 49 51 55 57 56 55 41 49 47 53 46 40 51 57 55 50 44 48 33 50 
63 61 60 60 57 59 67 65 54 66 61 66 60 62 66 54 58 63 65 60 66 58 60 59 57 61 62 62 65 67 68 60 61 60 72 63 55 60 57 56 61 58 55 49 52 58 50 54 55 55 55 57 55 56 51 51 55 52 60 49 56 55 51 48 55 59 49 53 47 49 47 46 52 51 47 41 48 50 44 47 
52 51 48 59 58 49 60 63 58 56 57 57 58 62 62 56 55 47 48 60 53 58 53 55 55 59 60 59 58 56 61 61 57 57 57 55 52 52 51 53 52 57 50 55 55 48 51 47 54 54 43 56 48 55 45 49 54 53 49 45 54 46 47 46 53 42 48 54 51 46 45 41 45 41 52 41 36 35 52 45 
61 53 51 59 56 64 61 64 61 60 51 63 56 62 56 63 57 55 63 60 55 53 56 54 59 55 61 60 75 73 76 68 58 59 52 58 60 49 46 53 55 58 53 53 59 56 51 57 53 56 51 51 47 62 46 46 46 51 51 49 54 46 57 53 47 47 49 48 37 41 48 47 42 49 47 46 48 55 47 41 
64 58 60 61 61 63 62 59 61 66 66 55 57 63 58 60 64 64 60 63 68 61 62 62 60 57 70 73 79 103 95 68 67 57 59 57 55 59 57 64 53 55 48 45 55 60 56 61 53 54 60 40 48 46 59 59 51 52 48 59 59 52 49 52 56 53 52 58 51 54 50 53 57 45 51 55 55 62 53 47 
53 53 52 53 52 50 60 51 55 61 61 60 52 60 53 55 59 56 60 60 66 58 57 69 61 60 58 70 76 100 82 71 68 58 62 52 56 48 47 50 51 45 52 55 43 52 47 50 50 52 54 52 53 47 50 47 48 51 48 46 48 57 46 50 55 39 50 44 47 47 54 54 51 52 52 57 49 54 54 54 
47 50 41 36 43 38 53 50 50 48 55 52 47 56 52 54 57 60 63 59 63 66 57 64 65 64 64 65 71 79 75 72 73 67 66 60 65 57 60 50 53 47 58 60 51 47 55 51 59 57 55 51 56 50 53 53 53 56 52 54 56 61 51 51 57 52 54 60 62 56 54 57 54 64 54 56 64 60 55 56 
48 46 41 33 43 46 47 36 52 52 51 34 50 58 53 48 50 61 61 53 54 57 59 57 55 59 66 65 66 66 63 64 66 71 62 59 66 67 63 66 69 69 64 61 68 62 60 64 61 66 67 65 67 63 57 61 59 63 60 60 62 59 59 59 62 61 47 56 54 58 64 61 53 56 40 57 50 60 53 55 
39 35 30 40 42 43 34 42 38 44 40 32 50 38 48 38 48 39 43 41 45 41 38 50 44 54 61 55 47 47 51 54 50 50 52 48 49 51 52 54 62 61 51 45 52 48 51 54 51 42 56 54 52 48 50 51 55 45 51 48 49 55 51 53 54 50 50 52 60 50 47 47 51 57 42 44 41 48 52 41 
50 46 45 36 45 39 33 41 51 47 39 44 43 51 48 45 46 53 45 46 49 47 45 37 48 48 43 45 54 52 47 39 45 50 47 37 52 48 50 49 51 50 57 44 41 56 44 53 52 52 39 49 48 50 43 47 49 54 47 54 47 52 49 44 48 51 48 47 54 53 45 50 51 51 52 52 50 51 53 49 
36 48 52 48 47 45 44 43 38 33 53 47 50 41 41 42 48 44 46 40 42 38 50 44 43 40 41 52 44 47 52 49 40 55 46 53 47 41 45 53 43 56 41 49 52 52 41 51 46 52 54 47 37 54 54 51 52 56 49 59 53 45 45 50 43 51 49 50 46 49 44 46 52 48 42 53 50 55 53 50 
36 35 39 39 45 35 33 47 27 35 41 44 42 30 48 43 41 37 39 35 37 46 37 41 39 43 45 45 48 50 41 49 45 42 50 45 47 53 47 51 47 51 42 45 45 40 49 47 40 45 46 40 43 51 46 44 53 47 39 42 51 46 35 47 44 37 44 39 38 52 53 42 35 44 50 55 42 55 44 45 
40 39 35 39 37 34 37 30 41 34 33 40 44 44 39 32 45 45 46 32 49 56 44 39 40 48 36 48 46 51 54 46 45 44 39 40 46 44 33 48 49 46 45 47 45 46 46 47 44 48 41 44 45 41 44 46 50 53 48 42 34 49 45 56 50 41 55 38 47 36 36 48 48 36 45 53 42 51 43 45 
49 53 44 45 46 42 45 40 44 45 41 42 39 40 47 38 43 38 44 43 50 42 48 50 43 51 44 48 48 44 49 50 45 41 51 46 45 52 48 43 51 43 48 52 58 53 47 52 47 49 51 45 45 53 52 54 55 48 48 45 53 49 53 38 49 54 44 52 51 54 51 47 50 50 50 46 44 51 45 49 
45 44 28 43 39 43 43 39 35 46 43 35 44 34 49 40 43 38 47 38 48 47 41 43 46 37 38 41 34 45 50 48 49 50 40 40 46 45 48 41 48 45 43 49 39 48 43 42 50 47 45 50 45 46 41 39 40 42 44 36 38 50 40 44 35 39 43 42 49 39 38 37 40 38 48 47 44 52 43 50 
49 41 41 38 44 42 35 49 43 37 42 46 36 46 46 34 39 48 40 37 55 41 43 40 50 49 47 39 40 44 41 49 41 50 47 38 46 39 48 45 45 50 43 47 46 45 37 44 43 43 44 44 48 40 43 48 45 42 45 48 41 41 42 44 49 53 51 46 46 46 48 44 49 55 43 43 50 40 42 35 
48 45 41 49 47 33 51 45 45 45 48 48 56 48 45 44 50 46 50 43 39 52 50 52 52 46 43 53 47 52 47 43 51 47 54 44 48 45 40 48 56 45 47 48 50 48 51 44 49 42 43 45 41 45 47 41 49 53 53 41 46 47 43 41 45 52 53 43 41 46 43 51 48 52 46 43 43 49 51 48 
38 41 32 38 36 31 39 31 45 36 42 43 38 43 46 38 45 44 40 43 48 36 37 49 40 43 51 47 43 50 45 46 40 47 44 42 48 44 50 42 36 38 45 48 43 38 44 42 43 44 45 50 43 44 44 39 41 45 40 40 39 52 41 43 42 47 36 47 49 47 47 35 46 42 44 47 48 31 39 54 
0 0 0 0 0 0 0 0 0 0 0 0 0 0 0 0 0 0 0 0 0 0 0 0 0 0 0 0 0 0 0 0 0 0 0 0 0 0 0 0 0 0 0 0 0 0 0 0 0 0 0 0 0 0 0 0 0 0 0 0 0 0 0 0 0 0 0 0 0 0 0 0 0 0 0 0 0 0 0 0 
0 0 0 0 0 0 0 0 0 0 0 0 0 0 0 0 0 0 0 0 0 0 0 0 0 0 0 0 0 0 0 0 0 0 0 0 0 0 0 0 0 0 0 0 0 0 0 0 0 0 0 0 0 0 0 0 0 0 0 0 0 0 0 0 0 0 0 0 0 0 0 0 0 0 0 0 0 0 0 0 
0 0 0 0 0 0 0 0 0 0 0 0 0 0 0 0 0 0 0 0 0 0 0 0 0 0 0 0 0 0 0 0 0 0 0 0 0 0 0 0 0 0 0 0 0 0 0 0 0 0 0 0 0 0 0 0 0 0 0 0 0 0 0 0 0 0 0 0 0 0 0 0 0 0 0 0 0 0 0 0 
0 0 0 0 0 0 0 0 0 0 0 0 0 0 0 0 0 0 0 0 0 0 0 0 0 0 0 0 0 0 0 0 0 0 0 0 0 0 0 0 0 0 0 0 0 0 0 0 0 0 0 0 0 0 0 0 0 0 0 0 0 0 0 0 0 0 0 0 0 0 0 0 0 0 0 0 0 0 0 0 
0 0 0 0 0 0 0 0 0 0 0 0 0 0 0 0 0 0 0 0 0 0 0 0 0 0 0 0 0 0 0 0 0 0 0 0 0 0 0 0 0 0 0 0 0 0 0 0 0 0 0 0 0 0 0 0 0 0 0 0 0 0 0 0 0 0 0 0 0 0 0 0 0 0 0 0 0 0 0 0 
0 0 0 0 0 0 0 0 0 0 0 0 0 0 0 0 0 0 0 0 0 0 0 0 0 0 0 0 0 0 0 0 0 0 0 0 0 0 0 0 0 0 0 0 0 0 0 0 0 0 0 0 0 0 0 0 0 0 0 0 0 0 0 0 0 0 0 0 0 0 0 0 0 0 0 0 0 0 0 0 
0 0 0 0 0 0 0 0 0 0 0 0 0 0 0 0 0 0 0 0 0 0 0 0 0 0 0 0 0 0 0 0 0 0 0 0 0 0 0 0 0 0 0 0 0 0 0 0 0 0 0 0 0 0 0 0 0 0 0 0 0 0 0 0 0 0 0 0 0 0 0 0 0 0 0 0 0 0 0 0 
0 0 0 0 0 0 0 0 0 0 0 0 0 0 0 0 0 0 0 0 0 0 0 0 0 0 0 0 0 0 0 0 0 0 0 0 0 0 0 0 0 0 0 0 0 0 0 0 0 0 0 0 0 0 0 0 0 0 0 0 0 0 0 0 0 0 0 0 0 0 0 0 0 0 0 0 0 0 0 0 
0 0 0 0 0 0 0 0 0 0 0 0 0 0 0 0 0 0 0 0 0 0 0 0 0 0 0 0 0 0 0 0 0 0 0 0 0 0 0 0 0 0 0 0 0 0 0 0 0 0 0 0 0 0 0 0 0 0 0 0 0 0 0 0 0 0 0 0 0 0 0 0 0 0 0 0 0 0 0 0 
0 0 0 0 0 0 0 0 0 0 0 0 0 0 0 0 0 0 0 0 0 0 0 0 0 0 0 0 0 0 0 0 0 0 0 0 0 0 0 0 0 0 0 0 0 0 0 0 0 0 0 0 0 0 0 0 0 0 0 0 0 0 0 0 0 0 0 0 0 0 0 0 0 0 0 0 0 0 0 0 
0 0 0 0 0 0 0 0 0 0 0 0 0 0 0 0 0 0 0 0 0 0 0 0 0 0 0 0 0 0 0 0 0 0 0 0 0 0 0 0 0 0 0 0 0 0 0 0 0 0 0 0 0 0 0 0 0 0 0 0 0 0 0 0 0 0 0 0 0 0 0 0 0 0 0 0 0 0 0 0 
0 0 0 0 0 0 0 0 0 0 0 0 0 0 0 0 0 0 0 0 0 0 0 0 0 0 0 0 0 0 0 0 0 0 0 0 0 0 0 0 0 0 0 0 0 0 0 0 0 0 0 0 0 0 0 0 0 0 0 0 0 0 0 0 0 0 0 0 0 0 0 0 0 0 0 0 0 0 0 0 
0 0 0 0 0 0 0 0 0 0 0 0 0 0 0 0 0 0 0 0 0 0 0 0 0 0 0 0 0 0 0 0 0 0 0 0 0 0 0 0 0 0 0 0 0 0 0 0 0 0 0 0 0 0 0 0 0 0 0 0 0 0 0 0 0 0 0 0 0 0 0 0 0 0 0 0 0 0 0 0 
0 0 0 0 0 0 0 0 0 0 0 0 0 0 0 0 0 0 0 0 0 0 0 0 0 0 0 0 0 0 0 0 0 0 0 0 0 0 0 0 0 0 0 0 0 0 0 0 0 0 0 0 0 0 0 0 0 0 0 0 0 0 0 0 0 0 0 0 0 0 0 0 0 0 0 0 0 0 0 0 
0 0 0 0 0 0 0 0 0 0 0 0 0 0 0 0 0 0 0 0 0 0 0 0 0 0 0 0 0 0 0 0 0 0 0 0 0 0 0 0 0 0 0 0 0 0 0 0 0 0 0 0 0 0 0 0 0 0 0 0 0 0 0 0 0 0 0 0 0 0 0 0 0 0 0 0 0 0 0 0 
0 0 0 0 0 0 1 1 1 0 0 0 0 0 0 0 0 0 0 0 0 0 0 0 0 0 0 0 0 0 0 0 0 0 0 0 0 0 0 0 0 0 0 0 0 0 0 0 0 0 0 0 0 0 0 0 0 0 0 0 0 0 0 0 0 0 0 0 0 0 0 0 0 0 0 0 0 0 0 0 
0 0 0 0 0 0 0 0 0 0 0 0 0 0 0 0 0 0 0 0 0 0 0 0 0 0 0 0 0 0 0 0 0 0 0 0 0 0 0 0 0 0 0 0 0 0 0 0 0 0 0 0 0 0 0 0 0 0 0 0 0 0 0 0 0 0 0 0 0 0 0 0 0 0 0 0 0 0 0 0 
0 0 0 0 0 0 0 0 0 0 0 0 0 0 0 0 0 0 0 0 0 0 1 1 1 0 0 0 0 0 0 0 0 0 0 0 0 0 0 1 1 1 1 0 0 0 0 0 0 0 0 0 0 0 0 1 1 1 1 1 1 1 0 0 0 0 0 0 0 0 0 0 0 1 1 1 1 0 0 0 
0 0 0 0 0 1 1 1 1 0 0 0 0 0 0 0 0 0 0 0 0 1 1 1 1 1 0 0 0 0 0 0 0 0 0 0 0 0 1 1 1 1 1 1 0 0 0 0 0 0 0 0 0 0 0 1 1 1 1 1 1 1 0 0 0 0 0 0 0 0 0 0 0 1 1 1 1 1 0 0 
0 0 0 0 1 1 1 1 1 1 0 0 0 0 0 0 0 0 0 0 1 1 0 0 1 1 1 0 0 0 0 0 0 0 0 0 0 1 1 1 0 0 1 1 0 0 0 0 0 0 0 0 0 0 0 0 0 0 0 1 1 0 0 0 0 0 0 0 0 0 0 0 1 1 0 0 0 1 1 0 
0 0 0 0 1 0 0 0 1 1 0 0 0 0 0 0 0 0 0 0 1 1 0 0 0 1 1 0 0 0 0 0 0 0 0 0 0 1 1 0 0 0 1 1 0 0 0 0 0 0 0 0 0 0 0 0 0 0 0 1 1 0 0 0 0 0 0 0 0 0 0 0 1 1 0 0 0 1 1 0 
0 0 0 1 1 0 0 0 1 1 0 0 0 0 0 0 0 0 0 0 1 1 0 0 0 1 1 0 0 0 0 0 0 0 0 0 0 1 1 1 0 0 1 1 0 0 0 0 0 0 0 0 0 0 0 0 0 0 1 1 1 0 0 0 0 0 0 0 0 0 0 0 1 1 0 0 0 1 1 0 
0 0 0 1 1 0 0 0 1 1 0 0 0 0 0 0 0 0 0 0 1 1 0 0 0 1 1 0 0 0 0 0 0 0 0 0 0 1 1 1 0 1 1 1 0 0 0 0 0 0 0 0 0 0 0 0 0 0 1 1 0 0 0 0 0 0 0 0 0 0 0 0 1 1 0 0 0 1 1 0 
0 0 0 1 1 0 0 0 1 1 0 0 0 0 0 0 0 0 0 0 1 1 0 0 0 1 1 0 0 0 0 0 0 0 0 0 0 1 1 1 0 0 1 1 1 0 0 0 0 0 0 0 0 0 0 0 0 0 1 1 0 0 0 0 0 0 0 0 0 0 0 0 1 1 0 0 0 1 1 0 
0 0 0 1 1 0 0 0 1 1 0 0 0 0 0 0 0 0 0 0 1 1 0 0 0 1 1 0 0 0 0 0 0 0 0 0 0 1 1 1 0 0 1 1 1 0 0 0 0 0 0 0 0 0 0 0 0 1 1 1 0 0 0 0 0 0 0 0 0 0 0 0 1 1 0 0 0 1 1 0 
0 0 0 1 1 0 0 0 1 1 0 0 0 0 0 0 0 0 0 0 1 1 0 0 0 1 1 0 0 0 0 0 0 0 0 0 0 1 1 1 0 0 1 1 0 0 0 0 0 0 0 0 0 0 0 0 0 1 1 1 0 0 0 0 0 0 0 0 0 0 0 0 0 1 1 0 0 1 1 0 
0 0 0 1 1 0 0 1 1 1 0 0 0 0 0 0 0 0 0 0 1 1 0 0 1 1 1 0 0 0 0 0 0 0 0 0 0 0 1 1 1 1 1 1 0 0 0 0 0 0 0 0 0 0 0 0 0 1 1 0 0 0 0 0 0 0 0 0 0 0 0 0 0 1 1 1 1 1 1 0 
0 0 0 0 1 1 1 1 1 0 0 0 0 0 0 0 0 0 0 0 0 1 1 1 1 1 0 0 0 0 0 0 0 0 0 0 0 0 1 1 1 1 1 0 0 0 0 0 0 0 0 0 0 0 0 0 0 1 1 0 0 0 0 0 0 0 0 0 0 0 0 0 0 0 1 1 1 1 0 0 
0 0 0 0 0 0 0 0 0 0 0 0 0 0 0 0 0 0 0 0 0 0 0 0 0 0 0 0 0 0 0 0 0 0 0 0 0 0 0 0 0 0 0 0 0 0 0 0 0 0 0 0 0 0 0 0 0 0 0 0 0 0 0 0 0 0 0 0 0 0 0 0 0 0 0 0 0 0 0 0 
0 0 0 0 0 0 0 0 0 0 0 0 0 0 0 0 0 0 0 0 0 0 0 0 0 0 0 0 0 0 0 0 0 0 0 0 0 0 0 0 0 0 0 0 0 0 0 0 0 0 0 0 0 0 0 0 0 0 0 0 0 0 0 0 0 0 0 0 0 0 0 0 0 0 0 0 0 0 0 0 
0 0 0 0 0 0 0 0 0 0 0 0 0 0 0 0 0 0 0 0 0 0 0 0 0 0 0 0 0 0 0 0 0 0 0 0 0 0 0 0 0 0 0 0 0 0 0 0 0 0 0 0 0 0 0 0 0 0 0 0 0 0 0 0 0 0 0 0 0 0 0 0 0 0 0 0 0 0 0 0 
0 0 0 0 0 0 0 0 0 0 0 0 0 0 0 0 0 0 0 0 0 0 0 0 0 0 0 0 0 0 0 0 0 0 0 0 0 0 0 0 0 0 0 0 0 0 0 0 0 0 0 0 0 0 0 0 0 0 0 0 0 0 0 0 0 0 0 0 0 0 0 0 0 0 0 0 0 0 0 0 
0 0 0 0 0 0 0 0 0 0 0 0 0 0 0 0 0 0 0 0 0 0 0 0 0 0 0 0 0 0 0 0 0 0 0 0 0 0 0 0 0 0 0 0 0 0 0 0 0 0 0 0 0 0 0 0 0 0 0 0 0 0 0 0 0 0 0 0 0 0 0 0 0 0 0 0 0 0 0 0 
0 0 0 0 0 0 0 0 0 0 0 0 0 0 0 0 0 0 0 0 0 0 0 0 0 0 0 0 0 0 0 0 0 0 0 0 0 0 0 0 0 0 0 0 0 0 0 0 0 0 0 0 0 0 0 0 0 0 0 0 0 0 0 0 0 0 0 0 0 0 0 0 0 0 0 0 0 0 0 0 
0 0 0 0 0 0 0 0 0 0 0 0 0 0 0 0 0 0 0 0 0 0 0 0 0 0 0 0 0 0 0 0 0 0 0 0 0 0 0 0 0 0 0 0 0 0 0 0 0 0 0 0 0 0 0 0 0 0 0 0 0 0 0 0 0 0 0 0 0 0 0 0 0 0 0 0 0 0 0 0 
0 0 0 0 0 0 0 0 0 0 0 0 0 0 0 0 0 0 0 0 0 0 0 0 0 0 0 0 0 0 0 0 0 0 0 0 0 0 0 0 0 0 0 0 0 0 0 0 0 0 0 0 0 0 0 0 0 0 0 0 0 0 0 0 0 0 0 0 0 0 0 0 0 0 0 0 0 0 0 0 
0 0 0 0 0 0 0 0 0 0 0 0 0 0 0 0 0 0 0 0 0 0 0 0 0 0 0 0 0 0 0 0 0 0 0 0 0 0 0 0 0 0 0 0 0 0 0 0 0 0 0 0 0 0 0 0 0 0 0 0 0 0 0 0 0 0 0 0 0 0 0 0 0 0 0 0 0 0 0 0 
0 0 0 0 0 0 0 0 0 0 0 0 0 0 0 0 0 0 0 0 0 0 0 0 0 0 0 0 0 0 0 0 0 0 0 0 0 0 0 0 0 0 0 0 0 0 0 0 0 0 0 0 0 0 0 0 0 0 0 0 0 0 0 0 0 0 0 0 0 0 0 0 0 0 0 0 0 0 0 0 
0 0 0 0 0 0 0 0 0 0 0 0 0 0 0 0 0 0 0 0 0 0 0 0 0 0 0 0 0 0 0 0 0 0 0 0 0 0 0 0 0 0 0 0 0 0 0 0 0 0 0 0 0 0 0 0 0 0 0 0 0 0 0 0 0 0 0 0 0 0 0 0 0 0 0 0 0 0 0 0 
0 0 0 0 0 0 0 0 0 0 0 0 0 0 0 0 0 0 0 0 0 0 0 0 0 0 0 0 0 0 0 0 0 0 0 0 0 0 0 0 0 0 0 0 0 0 0 0 0 0 0 0 0 0 0 0 0 0 0 0 0 0 0 0 0 0 0 0 0 0 0 0 0 0 0 0 0 0 0 0 
0 0 0 0 0 0 0 0 0 0 0 0 0 0 0 0 0 0 0 0 0 0 0 0 0 0 0 0 0 0 0 0 0 0 0 0 0 0 0 0 0 0 0 0 0 0 0 0 0 0 0 0 0 0 0 0 0 0 0 0 0 0 0 0 0 0 0 0 0 0 0 0 0 0 0 0 0 0 0 0 
0 0 0 0 0 0 0 0 0 0 0 0 0 0 0 0 0 0 0 0 0 0 0 0 0 0 0 0 0 0 0 0 0 0 0 0 0 0 0 0 0 0 0 0 0 0 0 0 0 0 0 0 0 0 0 0 0 0 0 0 0 0 0 0 0 0 0 0 0 0 0 0 0 0 0 0 0 0 0 0 
0 0 0 0 0 0 0 0 0 0 0 0 0 0 0 0 0 0 0 0 0 0 0 0 0 0 0 0 0 0 0 0 0 0 0 0 0 0 0 0 0 0 0 0 0 0 0 0 0 0 0 0 0 0 0 0 0 0 0 0 0 0 0 0 0 0 0 0 0 0 0 0 0 0 0 0 0 0 0 0 
0 0 0 0 0 0 0 0 0 0 0 0 0 0 0 0 0 0 0 0 0 0 0 0 0 0 0 0 0 0 0 0 0 0 0 0 0 0 0 0 0 0 0 0 0 0 0 0 0 0 0 0 0 0 0 0 0 0 0 0 0 0 0 0 0 0 0 0 0 0 0 0 0 0 0 0 0 0 0 0 
0 0 0 0 0 0 0 0 0 0 0 0 0 0 0 0 0 0 0 0 0 0 0 0 0 0 0 0 0 0 0 0 0 0 0 0 0 0 0 0 0 0 0 0 0 0 0 0 0 0 0 0 0 0 0 0 0 0 0 0 0 0 0 0 0 0 0 0 0 0 0 0 0 0 0 0 0 0 0 0 
0 0 0 0 0 0 0 0 0 0 0 0 0 0 0 0 0 0 0 0 0 0 0 0 0 0 0 0 0 0 0 0 0 0 0 0 0 0 0 0 0 0 0 0 0 0 0 0 0 0 0 0 0 0 0 0 0 0 0 0 0 0 0 0 0 0 0 0 0 0 0 0 0 0 0 0 0 0 0 0 
0 0 0 0 0 0 0 0 0 0 0 0 0 0 0 0 0 0 0 0 0 0 0 0 0 0 0 0 0 0 0 0 0 0 0 0 0 0 0 0 0 0 0 0 0 0 0 0 0 0 0 0 0 0 0 0 0 0 0 0 0 0 0 0 0 0 0 0 0 0 0 0 0 0 0 0 0 0 0 0 
0 0 0 0 0 0 0 0 0 0 0 0 0 0 0 0 0 0 0 0 0 0 0 0 0 0 0 0 0 0 0 0 0 0 0 0 0 0 0 0 0 0 0 0 0 0 0 0 0 0 0 0 0 0 0 0 0 0 0 0 0 0 0 0 0 0 0 0 0 0 0 0 0 0 0 0 0 0 0 0 
0 0 0 0 0 0 0 0 0 0 0 0 0 0 0 0 0 0 0 0 0 0 0 0 0 0 0 0 0 0 0 0 0 0 0 0 0 0 0 0 0 0 0 0 0 0 0 0 0 0 0 0 0 0 0 0 0 0 0 0 0 0 0 0 0 0 0 0 0 0 0 0 0 0 0 0 0 0 0 0 
0 0 0 0 0 0 0 0 0 0 0 0 0 0 0 0 0 0 0 0 0 0 0 0 0 0 0 0 0 0 0 0 0 0 0 0 0 0 0 0 0 0 0 0 0 0 0 0 0 0 0 0 0 0 0 0 0 0 0 0 0 0 0 0 0 0 0 0 0 0 0 0 0 0 0 0 0 0 0 0 
0 0 0 0 0 0 0 0 0 0 0 0 0 0 0 0 0 0 0 0 0 0 0 0 0 0 0 0 0 0 0 0 0 0 0 0 0 0 0 0 0 0 0 0 0 0 0 0 0 0 0 0 0 0 0 0 0 0 0 0 0 0 0 0 0 0 0 0 0 0 0 0 0 0 0 0 0 0 0 0 
0 0 0 0 0 0 0 0 0 0 0 0 0 0 0 0 0 0 0 0 0 0 0 0 0 0 0 0 0 0 0 0 0 0 0 0 0 0 0 0 0 0 0 0 0 0 0 0 0 0 0 0 0 0 0 0 0 0 0 0 0 0 0 0 0 0 0 0 0 0 0 0 0 0 0 0 0 0 0 0 
0 0 0 0 0 0 0 0 0 0 0 0 0 0 0 0 0 0 0 0 0 0 0 0 0 0 0 0 0 0 0 0 0 0 0 0 0 0 0 0 0 0 0 0 0 0 0 0 0 0 0 0 0 0 0 0 0 0 0 0 0 0 0 0 0 0 0 0 0 0 0 0 0 0 0 0 0 0 0 0 
0 0 0 0 0 0 0 0 0 0 0 0 0 0 0 0 0 0 0 0 0 0 0 0 0 0 0 0 0 0 0 0 0 0 0 0 0 0 0 0 0 0 0 0 0 0 0 0 0 0 0 0 0 0 0 0 0 0 0 0 0 0 0 0 0 0 0 0 0 0 0 0 0 0 0 0 0 0 0 0 
0 0 0 0 0 0 0 0 0 0 0 0 0 0 0 0 0 0 0 0 0 0 0 0 0 0 0 0 0 0 0 0 0 0 0 0 0 0 0 0 0 0 0 0 0 0 0 0 0 0 0 0 0 0 0 0 0 0 0 0 0 0 0 0 0 0 0 0 0 0 0 0 0 0 0 0 0 0 0 0 
0 0 0 0 0 0 0 0 0 0 0 0 0 0 0 0 0 0 0 0 0 0 0 0 0 0 0 0 0 0 0 0 0 0 0 0 0 0 0 0 0 0 0 0 0 0 0 0 0 0 0 0 0 0 0 0 0 0 0 0 0 0 0 0 0 0 0 0 0 0 0 0 0 0 0 0 0 0 0 0 
0 0 0 0 0 0 0 0 0 0 0 0 0 0 0 0 0 0 0 0 0 0 0 0 0 0 0 0 0 0 0 0 0 0 0 0 0 0 0 0 0 0 0 0 0 0 0 0 0 0 0 0 0 0 0 0 0 0 0 0 0 0 0 0 0 0 0 0 0 0 0 0 0 0 0 0 0 0 0 0 
0 0 0 0 0 0 0 0 0 0 0 0 0 0 0 0 0 0 0 0 0 0 0 0 0 0 0 0 0 0 0 0 0 0 0 0 0 0 0 0 0 0 0 0 0 0 0 0 0 0 0 0 0 0 0 0 0 0 0 0 0 0 0 0 0 0 0 0 0 0 0 0 0 0 0 0 0 0 0 0 
0 0 0 0 0 0 0 0 0 0 0 0 0 0 0 0 0 0 0 0 0 0 0 0 0 0 0 0 0 0 0 0 0 0 0 0 0 0 0 0 0 0 0 0 0 0 0 0 0 0 0 0 0 0 0 0 0 0 0 0 0 0 0 0 0 0 0 0 0 0 0 0 0 0 0 0 0 0 0 0 
0 0 0 0 0 0 0 0 0 0 0 0 0 0 0 0 0 0 0 0 0 0 0 0 0 0 0 0 0 0 0 0 0 0 0 0 0 0 0 0 0 0 0 0 0 0 0 0 0 0 0 0 0 0 0 0 0 0 0 0 0 0 0 0 0 0 0 0 0 0 0 0 0 0 0 0 0 0 0 0 
srcRect{2,14,79,28}
h:15,w:78
dstRect{0,0,77,14}
0 0 0 0 0 0 0 0 0 0 0 0 0 0 0 0 0 0 0 0 0 0 0 0 0 0 0 0 0 0 0 0 0 0 0 0 0 0 0 0 0 0 0 0 0 0 0 0 0 0 0 0 0 0 0 0 0 0 0 0 0 0 0 0 0 0 0 0 0 0 0 0 0 0 0 0 0 0 
0 0 0 0 1 1 1 0 0 0 0 0 0 0 0 0 0 0 0 0 0 0 0 0 0 0 0 0 0 0 0 0 0 0 0 0 0 0 0 0 0 0 0 0 0 0 0 0 0 0 0 0 0 0 0 0 0 0 0 0 0 0 0 0 0 0 0 0 0 0 0 0 0 0 0 0 0 0 
0 0 0 0 0 0 0 0 0 0 0 0 0 0 0 0 0 0 0 0 0 0 0 0 0 0 0 0 0 0 0 0 0 0 0 0 0 0 0 0 0 0 0 0 0 0 0 0 0 0 0 0 0 0 0 0 0 0 0 0 0 0 0 0 0 0 0 0 0 0 0 0 0 0 0 0 0 0 
0 0 0 0 0 0 0 0 0 0 0 0 0 0 0 0 0 0 0 0 1 1 1 0 0 0 0 0 0 0 0 0 0 0 0 0 0 1 1 1 1 0 0 0 0 0 0 0 0 0 0 0 0 1 1 1 1 1 1 1 0 0 0 0 0 0 0 0 0 0 0 1 1 1 1 0 0 0 
0 0 0 1 1 1 1 0 0 0 0 0 0 0 0 0 0 0 0 1 1 1 1 1 0 0 0 0 0 0 0 0 0 0 0 0 1 1 1 1 1 1 0 0 0 0 0 0 0 0 0 0 0 1 1 1 1 1 1 1 0 0 0 0 0 0 0 0 0 0 0 1 1 1 1 1 0 0 
0 0 1 1 1 1 1 1 0 0 0 0 0 0 0 0 0 0 1 1 0 0 1 1 1 0 0 0 0 0 0 0 0 0 0 1 1 1 0 0 1 1 0 0 0 0 0 0 0 0 0 0 0 0 0 0 0 1 1 0 0 0 0 0 0 0 0 0 0 0 1 1 0 0 0 1 1 0 
0 0 1 0 0 0 1 1 0 0 0 0 0 0 0 0 0 0 1 1 0 0 0 1 1 0 0 0 0 0 0 0 0 0 0 1 1 0 0 0 1 1 0 0 0 0 0 0 0 0 0 0 0 0 0 0 0 1 1 0 0 0 0 0 0 0 0 0 0 0 1 1 0 0 0 1 1 0 
0 1 1 0 0 0 1 1 0 0 0 0 0 0 0 0 0 0 1 1 0 0 0 1 1 0 0 0 0 0 0 0 0 0 0 1 1 1 0 0 1 1 0 0 0 0 0 0 0 0 0 0 0 0 0 0 1 1 1 0 0 0 0 0 0 0 0 0 0 0 1 1 0 0 0 1 1 0 
0 1 1 0 0 0 1 1 0 0 0 0 0 0 0 0 0 0 1 1 0 0 0 1 1 0 0 0 0 0 0 0 0 0 0 1 1 1 0 1 1 1 0 0 0 0 0 0 0 0 0 0 0 0 0 0 1 1 0 0 0 0 0 0 0 0 0 0 0 0 1 1 0 0 0 1 1 0 
0 1 1 0 0 0 1 1 0 0 0 0 0 0 0 0 0 0 1 1 0 0 0 1 1 0 0 0 0 0 0 0 0 0 0 1 1 1 0 0 1 1 1 0 0 0 0 0 0 0 0 0 0 0 0 0 1 1 0 0 0 0 0 0 0 0 0 0 0 0 1 1 0 0 0 1 1 0 
0 1 1 0 0 0 1 1 0 0 0 0 0 0 0 0 0 0 1 1 0 0 0 1 1 0 0 0 0 0 0 0 0 0 0 1 1 1 0 0 1 1 1 0 0 0 0 0 0 0 0 0 0 0 0 1 1 1 0 0 0 0 0 0 0 0 0 0 0 0 1 1 0 0 0 1 1 0 
0 1 1 0 0 0 1 1 0 0 0 0 0 0 0 0 0 0 1 1 0 0 0 1 1 0 0 0 0 0 0 0 0 0 0 1 1 1 0 0 1 1 0 0 0 0 0 0 0 0 0 0 0 0 0 1 1 1 0 0 0 0 0 0 0 0 0 0 0 0 0 1 1 0 0 1 1 0 
0 1 1 0 0 1 1 1 0 0 0 0 0 0 0 0 0 0 1 1 0 0 1 1 1 0 0 0 0 0 0 0 0 0 0 0 1 1 1 1 1 1 0 0 0 0 0 0 0 0 0 0 0 0 0 1 1 0 0 0 0 0 0 0 0 0 0 0 0 0 0 1 1 1 1 1 1 0 
0 0 1 1 1 1 1 0 0 0 0 0 0 0 0 0 0 0 0 1 1 1 1 1 0 0 0 0 0 0 0 0 0 0 0 0 1 1 1 1 1 0 0 0 0 0 0 0 0 0 0 0 0 0 0 1 1 0 0 0 0 0 0 0 0 0 0 0 0 0 0 0 1 1 1 1 0 0 
0 0 0 0 0 0 0 0 0 0 0 0 0 0 0 0 0 0 0 0 0 0 0 0 0 0 0 0 0 0 0 0 0 0 0 0 0 0 0 0 0 0 0 0 0 0 0 0 0 0 0 0 0 0 0 0 0 0 0 0 0 0 0 0 0 0 0 0 0 0 0 0 0 0 0 0 0 0 
End
接下来打印获得的矩形区域：
第0个矩形：{1,1,7,1}
第1个矩形：{18,3,24,13}
第2个矩形：{35,3,42,13}
第3个矩形：{53,3,59,13}
第4个矩形：{70,0,76,15}
总共5个矩形
接下来打印获得的矩形区域：
第0个矩形：{1,1,7,1}
第1个矩形：{18,3,24,13}
第2个矩形：{35,3,42,13}
第3个矩形：{53,3,59,13}
第4个矩形：{70,0,76,15}
总共5个矩形
0 0 0 1 1 1 1 0 0 0 1 1 1 1 0 0 0 0 1 1 1 1 0 0 1 1 1 1 1 1 1 1 0 0 0 0 0 0 0 0 
0 0 0 1 1 1 1 0 0 1 1 1 1 1 1 0 0 1 1 1 1 1 1 0 1 1 1 1 1 1 1 1 0 0 0 0 0 0 0 0 
0 0 0 1 1 1 1 0 0 1 1 1 1 1 1 0 0 1 1 1 1 1 1 0 1 1 1 1 1 1 1 1 0 0 0 0 0 0 0 0 
0 0 0 1 1 1 1 0 1 1 0 0 1 1 1 1 1 1 1 0 0 1 1 0 0 0 0 0 1 1 1 0 0 1 1 1 1 1 0 0 
0 0 0 1 1 1 1 0 1 1 0 0 0 0 1 1 1 1 0 0 0 1 1 0 0 0 0 0 1 1 1 0 0 1 1 1 1 1 1 0 
0 0 0 1 1 1 1 0 1 1 0 0 0 0 1 1 1 1 0 0 0 1 1 0 0 0 0 0 1 1 1 0 1 1 0 0 0 0 1 1 
0 0 0 1 1 1 1 0 1 1 0 0 0 0 1 1 1 1 1 0 0 1 1 0 0 0 0 1 1 1 1 0 1 1 0 0 0 0 1 1 
0 0 0 1 1 1 1 0 1 1 0 0 0 0 1 1 1 1 1 0 1 1 1 0 0 0 0 1 1 1 0 0 1 1 0 0 0 0 1 1 
0 0 0 0 0 0 0 0 1 1 0 0 0 0 1 1 1 1 1 0 0 1 1 1 0 0 0 1 1 1 0 0 1 1 0 0 0 0 1 1 
0 0 0 0 0 0 0 0 1 1 0 0 0 0 1 1 1 1 1 0 0 1 1 1 0 0 0 1 1 1 0 0 1 1 0 0 0 0 1 1 
0 0 0 0 0 0 0 0 1 1 0 0 0 0 1 1 1 1 1 0 0 1 1 1 0 0 1 1 1 1 0 0 1 1 0 0 0 0 1 1 
0 0 0 0 0 0 0 0 1 1 0 0 0 0 1 1 1 1 1 0 0 1 1 0 0 0 1 1 1 1 0 0 0 1 1 0 0 0 1 1 
0 0 0 0 0 0 0 0 1 1 0 0 0 0 1 1 1 1 1 0 0 1 1 0 0 0 1 1 1 1 0 0 0 1 1 1 1 1 1 1 
0 0 0 0 0 0 0 0 1 1 0 0 1 1 1 1 0 1 1 1 1 1 1 0 0 0 1 1 0 0 0 0 0 0 1 1 1 1 1 0 
0 0 0 0 0 0 0 0 0 1 1 1 1 1 1 0 0 1 1 1 1 1 0 0 0 0 1 1 0 0 0 0 0 0 0 0 0 0 0 0 
0 0 0 0 0 0 0 0 0 1 1 1 1 1 1 0 0 1 1 1 1 1 0 0 0 0 1 1 0 0 0 0 0 8 27 1 0 0 8 27 
归一化之后的矩形：
接下来打印获得的矩形区域：
第0个矩形：{0,0,7,15}
第1个矩形：{8,0,15,15}
第2个矩形{16,0,23,15}
第3个矩形：{24,0,31,15}
第4个矩形：{32,0,39,15}
总共5个矩形
4 12 4 12 0 0 0 0 32 4 0 0 8 
10 12 8 8 8 8 10 12 76 3 3 0 8 
11 10 10 9 12 11 12 9 84 4 5 0 8 
12 15 2 11 6 8 8 2 64 3 4 0 8 
3 2 9 9 8 8 6 7 52 3 3 0 8 
