galobal thres:97
45 42 48 49 37 45 48 41 47 50 40 51 45 43 51 51 49 48 55 45 58 44 52 52 50 50 50 46 55 50 41 48 51 50 50 52 52 54 49 53 54 60 57 56 48 53 46 55 53 59 52 49 54 49 41 51 53 47 53 56 47 54 55 50 57 50 50 51 60 51 57 50 46 57 48 54 58 52 54 62 
51 50 51 56 54 52 49 48 41 48 43 45 51 49 41 43 47 48 51 45 54 55 49 51 49 57 49 54 47 52 50 49 48 51 55 51 44 54 55 48 51 55 48 53 52 48 53 49 48 51 45 54 53 53 50 53 49 41 51 49 57 53 58 53 51 56 60 50 55 56 52 53 47 51 55 57 55 50 54 52 
39 43 44 38 39 40 48 45 40 38 43 49 45 45 51 48 46 29 39 53 55 54 41 46 47 55 58 51 49 48 41 50 46 49 45 46 49 51 47 52 51 44 52 57 48 49 48 53 51 50 47 51 55 48 46 41 47 52 46 52 47 43 54 48 46 51 52 50 56 49 43 45 48 42 52 51 47 46 53 52 
49 50 51 43 47 38 43 45 50 48 39 48 54 56 44 42 53 50 41 51 49 51 45 48 57 43 47 47 51 41 50 45 54 46 51 50 53 46 58 44 43 50 53 54 52 50 49 51 50 50 54 53 53 43 48 54 54 53 47 51 44 54 55 45 59 49 46 48 53 47 55 55 47 59 38 50 49 46 52 46 
46 46 50 44 44 44 49 51 50 57 52 56 56 57 58 54 49 54 46 51 45 52 50 56 46 52 48 51 45 50 51 52 53 46 55 58 53 50 52 49 54 46 55 56 55 56 50 55 54 54 54 49 43 50 43 44 59 58 50 55 56 53 50 53 47 50 47 51 52 53 59 54 54 55 53 43 51 51 52 53 
43 41 43 35 45 32 34 41 42 53 52 45 46 33 33 47 45 39 45 49 46 48 34 49 47 37 41 45 42 50 48 42 52 38 50 46 41 54 43 43 53 39 51 44 54 52 37 43 51 51 54 50 48 51 52 41 55 44 48 42 45 50 47 47 39 48 50 48 53 40 46 55 59 50 44 41 49 52 50 51 
50 45 40 51 41 41 48 52 40 55 47 43 51 47 46 47 51 49 52 52 53 42 50 51 53 44 47 48 52 42 50 42 49 52 46 52 55 44 45 51 48 47 51 50 40 52 49 49 48 53 51 54 49 47 49 53 52 56 52 52 56 54 52 51 43 50 52 50 51 54 54 58 56 46 48 51 47 41 55 52 
43 46 49 44 50 47 48 48 47 49 48 53 48 44 50 45 46 58 52 57 57 47 53 44 58 51 43 53 52 58 54 58 60 54 60 53 61 64 52 52 52 53 51 51 55 57 51 58 58 58 59 55 50 56 53 55 52 54 54 56 47 53 51 56 57 50 52 47 54 57 55 61 59 54 53 50 55 53 58 56 
40 57 45 52 47 46 38 35 41 40 42 51 40 47 47 46 53 46 46 51 54 52 51 53 45 45 52 52 47 43 50 51 50 51 52 54 57 46 47 49 47 54 46 58 48 52 45 53 46 54 59 49 47 48 51 49 50 40 52 53 57 47 52 54 58 49 46 50 51 51 55 48 51 44 57 53 50 53 61 50 
47 49 41 40 49 31 51 40 34 48 46 48 50 51 52 44 39 40 53 49 58 57 60 52 51 58 50 48 52 57 52 46 56 56 55 56 54 57 52 54 55 49 54 59 56 52 49 49 58 57 53 53 52 51 51 55 45 58 45 58 55 54 47 56 52 56 50 53 56 51 51 54 52 51 55 51 51 45 53 56 
47 52 44 47 48 52 50 55 47 49 55 51 50 51 44 51 51 55 49 51 54 48 54 49 52 54 58 51 56 56 52 54 51 48 51 54 51 49 57 52 52 55 56 48 56 54 58 57 49 58 55 55 53 56 63 66 55 54 56 57 53 60 56 45 54 53 56 56 52 53 52 53 50 54 50 54 52 57 53 44 
41 52 45 47 45 39 45 51 60 47 40 51 51 40 52 50 46 52 42 53 54 51 53 59 53 50 55 49 51 50 39 54 55 46 58 52 54 54 51 53 57 58 56 56 54 55 56 51 49 48 51 57 49 51 58 44 47 50 52 52 52 47 50 54 51 50 45 56 57 47 52 50 57 49 50 47 58 43 55 51 
42 45 41 46 45 45 50 45 36 50 52 47 50 50 44 42 49 56 53 51 52 51 54 60 51 53 46 54 55 41 55 49 54 52 50 51 53 56 55 52 51 57 58 56 55 50 52 56 57 46 54 50 51 45 50 54 47 46 49 49 54 47 45 43 53 51 55 46 53 51 43 58 58 53 55 52 56 41 59 52 
46 45 47 38 47 52 45 40 44 53 55 50 54 53 56 54 54 52 52 54 48 51 59 56 49 54 54 49 50 53 51 47 45 50 53 55 59 47 57 49 54 56 56 58 54 60 54 60 55 56 58 54 44 58 48 53 53 57 51 50 57 46 47 48 54 54 52 56 54 49 52 55 50 57 52 55 53 59 60 62 
40 35 25 31 69 71 48 36 66 73 43 44 51 56 49 30 41 45 43 34 43 77 85 76 80 79 52 44 45 47 37 45 41 49 44 32 43 43 75 70 65 73 71 45 49 54 52 52 55 52 42 60 53 43 52 61 61 55 55 46 53 47 55 51 43 46 44 47 43 49 53 47 52 51 47 48 61 53 43 56 
29 46 34 32 55 98 108 103 108 57 38 48 57 54 51 44 42 32 41 48 41 53 99 111 92 45 49 52 56 50 40 40 41 48 38 33 45 42 53 49 59 52 50 43 47 47 59 54 61 61 61 56 45 55 43 44 46 39 53 56 41 52 49 51 37 39 32 37 41 52 43 46 40 53 42 40 44 47 45 43 
42 52 39 43 42 45 51 54 48 50 42 49 57 57 47 45 43 43 47 46 44 45 47 52 51 49 44 48 47 52 38 47 51 50 43 42 49 53 53 56 50 49 50 48 51 45 61 67 63 66 65 64 38 43 51 46 47 50 48 54 43 45 46 43 42 44 39 41 45 42 43 46 44 42 42 43 49 56 46 45 
41 47 34 43 50 50 42 47 35 47 39 38 57 60 39 33 32 48 46 53 52 46 81 94 60 51 48 39 39 41 38 48 41 40 51 41 44 53 47 122 151 142 90 44 46 47 61 63 69 60 61 48 43 35 66 151 152 149 152 154 151 134 28 43 42 36 48 39 43 39 32 45 51 105 142 140 138 49 49 37 
39 30 40 50 54 118 129 127 77 54 41 41 58 65 51 44 32 49 50 51 69 150 154 154 155 141 54 42 45 41 46 36 43 48 58 51 53 62 157 165 164 165 161 137 48 42 62 65 66 70 68 59 32 42 60 148 154 147 152 158 168 149 43 50 31 33 44 39 39 49 45 56 82 153 151 132 152 146 52 39 
43 40 49 55 132 135 134 138 140 62 37 34 55 62 52 35 46 45 53 60 155 154 103 78 156 158 89 50 44 39 41 50 38 44 59 62 56 127 168 132 60 60 165 163 47 47 51 69 61 66 69 59 41 42 60 59 64 60 66 155 164 86 47 45 46 40 39 47 40 53 61 60 147 152 56 57 60 151 137 48 
31 48 44 112 135 62 54 66 143 119 38 37 52 61 38 36 50 55 63 66 156 140 58 59 77 161 137 63 65 64 39 33 46 41 61 57 55 157 168 65 63 63 136 169 57 56 52 70 67 63 60 57 43 54 67 57 63 60 70 169 166 62 46 58 56 42 35 43 35 58 60 59 151 161 55 53 56 154 153 42 
37 46 56 128 139 61 60 70 148 122 36 41 60 65 45 47 44 60 56 74 156 127 57 63 76 164 138 41 46 42 41 47 36 46 72 73 79 160 174 89 73 75 143 174 59 48 49 69 62 72 72 69 64 74 68 76 63 60 127 173 131 63 49 49 47 40 41 44 46 60 59 58 145 158 54 49 43 151 153 56 
50 58 51 140 140 65 66 70 152 123 46 43 59 61 43 28 50 66 62 73 162 134 66 63 78 164 132 48 44 47 46 49 42 52 70 80 74 164 177 90 82 87 142 171 56 46 52 72 70 69 69 78 57 83 70 75 71 73 172 177 78 72 50 50 47 43 42 48 37 71 63 64 138 157 62 51 55 153 155 53 
34 50 56 140 146 74 72 82 151 112 44 29 57 56 38 46 55 66 65 85 165 125 68 66 74 165 128 48 59 62 38 43 46 49 80 77 71 168 170 97 85 81 137 174 75 62 51 65 63 73 65 67 50 75 69 70 71 72 172 162 70 64 53 48 47 39 42 42 35 62 64 66 124 155 62 51 42 144 149 60 
43 51 56 137 140 69 70 79 157 109 41 53 55 57 38 29 56 74 67 84 160 120 66 67 83 166 128 60 70 77 51 49 44 44 70 65 69 156 167 69 66 63 134 164 77 64 45 66 66 74 68 67 53 66 61 63 65 106 169 136 63 61 58 56 47 46 45 42 36 61 53 57 118 159 72 59 62 147 150 56 
49 51 61 140 140 77 79 78 153 113 41 49 54 66 52 48 61 78 69 78 162 119 57 61 86 162 128 53 56 65 49 44 58 70 63 61 64 148 164 65 52 50 140 162 56 49 48 71 69 63 69 68 54 39 57 56 58 142 163 86 56 60 42 37 51 52 42 38 46 49 57 57 94 156 112 57 64 150 155 59 
29 51 49 138 146 76 77 86 150 102 41 41 52 57 35 48 60 73 64 69 156 146 57 66 131 162 102 35 43 46 40 41 46 58 65 75 64 116 161 142 66 87 160 155 52 53 53 65 62 63 67 68 49 53 51 43 48 161 160 56 52 53 52 54 52 36 48 30 37 53 46 49 54 148 150 144 149 151 120 54 
33 55 56 99 136 125 108 139 144 70 56 57 58 61 45 42 41 77 62 64 137 151 150 146 152 156 61 50 59 42 49 46 33 46 59 64 62 57 148 156 157 156 152 101 42 51 46 62 62 67 64 59 48 53 50 45 57 151 150 52 49 57 60 42 43 41 44 38 44 54 48 55 51 65 143 139 136 120 52 54 
53 49 51 56 63 67 70 72 69 52 52 51 67 59 51 52 50 54 56 52 58 98 106 105 107 57 54 53 52 52 49 58 53 49 53 59 55 57 53 89 108 104 64 58 54 47 51 61 65 58 60 57 52 53 52 45 58 103 101 52 46 52 45 45 44 43 46 46 46 52 41 56 49 47 56 56 59 58 55 43 
53 52 52 57 60 53 57 61 60 54 51 55 59 62 62 58 51 59 59 61 61 55 62 54 59 58 62 61 61 67 67 63 65 69 64 60 69 69 60 68 63 59 62 57 60 58 53 59 56 60 59 51 51 50 52 49 56 57 56 54 60 55 55 52 53 53 52 56 53 44 54 46 51 50 54 54 53 49 55 45 
57 58 58 52 56 55 56 52 51 47 55 59 59 57 61 58 58 56 62 55 64 59 60 66 57 66 68 65 61 64 64 59 66 64 67 64 69 69 61 67 67 62 62 60 65 60 64 56 54 60 54 61 45 54 57 59 54 59 56 55 55 54 54 56 53 58 54 55 48 45 58 48 55 51 55 44 52 50 54 50 
57 60 56 54 57 64 51 57 63 58 53 59 61 67 54 58 62 59 58 58 67 65 64 64 61 56 62 64 61 67 66 63 69 65 71 73 72 76 65 64 64 68 70 62 68 61 60 59 55 60 61 60 58 56 51 58 58 57 54 57 56 62 53 55 59 56 56 52 52 59 58 56 50 52 51 56 46 57 60 51 
46 50 50 52 56 54 49 54 56 58 53 51 59 52 58 51 55 56 58 53 60 54 55 65 55 65 62 63 54 66 60 56 62 59 59 63 60 63 63 56 59 61 57 61 61 57 59 49 44 58 47 51 60 53 52 48 47 46 60 48 51 57 58 56 48 48 51 56 55 47 51 46 47 54 48 48 52 49 51 54 
50 59 52 58 59 62 54 58 62 57 61 59 58 53 61 63 58 61 58 58 65 54 58 68 67 60 61 64 63 59 57 57 65 59 69 60 59 63 61 56 61 58 63 62 53 59 58 51 59 52 57 54 51 54 50 52 49 53 55 58 59 55 54 45 51 56 52 60 53 51 53 45 56 48 54 53 53 53 55 54 
55 55 59 51 54 62 64 60 59 61 62 59 66 58 62 65 53 59 60 57 66 55 68 55 65 62 63 60 63 64 65 63 62 60 61 55 64 64 59 60 62 65 60 59 59 60 62 61 53 54 55 54 60 47 55 55 57 57 57 58 52 62 53 56 56 60 55 52 55 56 48 54 60 53 49 58 52 54 56 51 
49 48 57 58 58 55 49 54 61 54 51 62 56 59 60 55 56 56 52 54 63 59 60 61 56 61 62 65 62 66 65 59 60 59 58 60 58 52 56 62 52 60 53 51 57 55 57 52 62 53 43 57 52 48 59 54 52 55 50 47 52 55 54 58 51 56 51 52 50 55 52 54 49 55 51 53 57 57 46 52 
52 58 55 60 56 61 61 61 56 58 63 52 59 49 62 59 67 53 68 57 54 56 64 55 58 66 58 58 61 62 64 62 62 56 59 63 61 56 63 56 51 56 53 58 56 55 53 54 49 62 53 60 50 60 48 59 44 53 54 47 60 56 55 60 51 56 54 49 52 46 52 51 50 53 56 50 53 53 54 56 
54 60 54 55 56 59 59 55 62 63 60 55 65 60 67 62 52 66 63 59 63 61 60 63 64 61 61 61 59 60 60 60 61 62 65 60 58 63 56 56 57 56 59 60 57 59 60 53 54 57 56 59 55 56 54 52 60 50 51 56 55 52 56 54 48 52 55 48 52 55 51 53 47 55 49 50 57 50 54 52 
51 54 52 53 50 50 59 59 56 57 56 51 55 52 61 59 55 61 53 56 58 55 57 51 57 54 55 60 59 61 56 60 57 49 53 53 55 58 55 60 50 57 54 53 48 52 42 53 53 60 55 55 55 52 49 53 49 49 47 45 57 53 53 55 49 51 45 41 52 54 51 47 50 48 51 51 54 51 43 47 
50 57 46 56 54 60 55 60 56 57 58 43 54 52 54 53 60 54 59 55 63 54 63 61 62 57 61 54 55 62 57 60 57 60 56 54 56 47 54 51 50 56 55 51 54 53 55 55 47 54 53 43 51 47 51 53 54 52 51 45 55 50 51 52 47 55 46 49 41 49 55 52 40 48 49 52 45 44 43 45 
55 48 53 54 51 61 59 60 62 54 65 60 56 49 61 54 56 52 59 55 59 55 64 57 51 61 52 56 59 60 63 58 62 53 59 47 51 53 60 49 42 54 57 50 56 54 56 51 54 58 50 56 55 49 54 51 55 54 53 52 50 52 56 49 45 61 45 51 52 49 49 49 49 42 47 46 52 51 52 42 
57 43 53 58 62 57 52 54 60 43 51 62 53 57 56 63 50 61 60 53 57 48 54 56 52 60 58 48 61 49 49 48 55 57 60 50 50 48 55 58 53 52 49 52 57 52 43 35 45 55 50 46 47 50 51 46 51 50 45 45 46 50 41 49 50 47 54 52 46 52 42 42 38 44 46 44 38 39 39 29 
57 60 51 56 58 55 54 58 57 54 56 60 60 56 58 62 54 52 48 51 52 63 53 45 57 55 60 53 60 60 55 51 60 50 51 54 53 51 56 56 50 56 56 54 59 51 57 55 51 55 56 52 53 49 47 58 48 48 54 42 46 43 56 49 47 43 52 52 39 44 43 40 48 48 48 51 50 48 50 47 
49 63 52 51 59 61 57 58 63 54 54 55 52 51 62 56 59 56 54 51 56 55 56 53 61 60 57 58 57 65 53 59 53 52 56 55 52 57 61 59 57 55 57 53 50 51 58 53 53 58 48 54 54 52 53 51 61 51 46 51 51 53 52 48 51 56 55 49 48 47 49 47 53 44 55 41 46 47 46 43 
50 52 49 59 47 56 56 59 55 54 62 57 54 49 51 57 47 46 48 50 56 55 53 50 55 60 54 56 57 54 58 60 57 48 57 48 55 51 59 52 58 40 61 56 47 48 52 44 50 55 53 53 45 49 50 45 53 53 47 48 48 55 52 39 51 40 48 50 37 51 47 44 36 55 57 46 42 46 51 42 
55 58 46 57 48 63 56 57 55 57 49 55 49 56 55 54 56 53 58 53 61 47 52 56 61 57 57 66 75 68 68 67 53 56 56 55 57 58 53 58 55 56 51 50 52 49 54 49 47 49 47 50 51 59 51 58 50 47 55 46 47 49 50 45 53 56 52 55 43 43 48 47 50 43 45 53 49 43 50 48 
51 55 50 58 55 55 62 63 56 61 56 60 59 54 63 61 55 54 61 60 64 54 63 61 60 57 63 63 74 93 92 63 67 61 59 47 54 55 55 52 53 57 49 48 62 60 53 58 60 49 53 47 48 56 51 47 49 52 56 53 55 53 50 54 50 53 47 54 51 53 53 53 48 50 47 47 55 55 46 50 
46 50 37 53 55 54 56 56 57 58 55 57 52 58 51 60 53 55 55 52 57 48 61 57 56 58 59 72 64 91 80 65 66 58 58 50 53 47 45 52 57 49 48 51 49 50 51 52 50 46 48 45 50 46 45 41 51 50 53 47 45 50 53 47 53 54 46 46 45 51 41 48 43 48 54 55 45 47 48 51 
50 43 38 52 41 50 49 50 50 51 48 51 53 53 57 56 56 49 60 62 65 65 59 58 65 66 59 67 70 76 68 62 62 57 57 60 48 51 54 57 54 46 56 55 52 53 55 48 53 52 56 57 57 51 48 47 57 53 50 53 53 60 45 59 49 54 51 49 49 49 55 48 51 55 56 53 52 57 43 60 
42 41 47 38 40 43 38 55 48 45 50 44 57 59 55 55 50 60 54 58 59 61 54 52 59 58 50 60 67 67 67 68 65 67 66 58 61 64 61 62 59 63 61 54 59 60 61 61 56 60 57 59 63 58 57 63 59 59 55 57 57 57 58 55 56 58 56 50 45 59 56 58 52 51 57 54 50 56 55 54 
35 42 22 34 34 41 30 40 44 45 36 46 44 43 46 40 38 38 52 48 48 38 46 54 46 50 44 54 54 54 50 52 58 62 55 44 52 58 50 52 57 50 50 54 53 56 55 54 47 53 46 48 49 53 50 54 56 46 51 47 47 52 53 51 53 55 41 42 51 52 38 53 48 60 50 46 55 44 48 48 
41 45 38 39 47 30 45 45 45 34 45 44 46 47 47 40 46 44 46 49 49 40 48 56 50 44 41 47 50 45 51 48 56 54 60 40 54 43 59 40 54 48 46 47 47 46 50 44 47 52 48 41 44 51 39 46 43 45 50 49 52 54 51 44 61 47 53 56 45 53 52 46 52 48 50 50 57 53 55 47 
45 45 37 44 45 40 36 52 43 48 38 44 35 35 45 41 47 40 41 46 53 43 42 46 47 47 43 48 54 47 44 48 48 49 52 47 54 50 48 50 51 47 52 51 52 51 51 45 45 53 49 47 44 50 47 53 50 52 48 43 50 47 55 50 36 49 52 45 50 50 46 50 57 54 61 49 53 55 53 48 
30 42 36 41 44 38 32 37 44 47 37 38 43 30 49 40 40 34 43 45 46 42 48 44 47 41 43 45 46 44 34 43 48 42 47 43 53 41 40 34 45 50 54 36 40 50 47 47 34 45 35 40 42 47 44 44 43 51 46 45 44 46 49 48 48 43 35 46 46 47 46 48 45 47 50 34 49 50 49 46 
45 30 41 43 34 37 37 46 37 33 44 30 50 35 41 43 44 43 36 40 55 44 48 44 54 50 39 40 48 48 41 48 53 46 50 40 45 42 47 46 43 46 33 56 49 44 50 41 44 51 51 47 43 48 39 48 47 44 49 51 46 48 50 48 46 44 49 29 48 40 46 47 54 43 43 49 49 47 43 46 
36 43 40 44 50 45 45 44 36 49 36 43 36 33 44 40 43 43 42 42 45 53 38 52 46 39 52 39 46 52 45 49 46 46 48 42 44 39 52 54 52 54 49 35 45 51 46 47 42 47 48 45 44 41 45 51 53 41 44 47 38 48 50 40 52 46 42 42 46 54 47 39 41 45 50 51 53 51 55 48 
35 37 27 41 36 25 45 40 44 43 42 45 36 44 39 44 47 39 44 39 44 34 48 42 43 48 35 42 39 40 40 36 44 41 47 38 41 41 32 49 40 37 34 47 41 50 40 50 44 42 46 44 38 43 43 41 40 44 48 45 41 44 43 54 45 39 44 37 42 44 53 46 48 51 48 47 48 42 50 40 
51 47 39 36 36 39 31 44 41 44 41 36 34 46 38 42 51 43 47 46 49 38 48 46 48 48 46 46 47 48 49 42 42 43 48 55 45 52 33 47 41 55 40 43 48 52 49 46 36 46 46 43 39 48 42 33 44 42 46 54 43 47 51 49 49 44 43 42 43 47 40 47 46 46 42 42 48 48 39 49 
41 38 43 40 48 44 47 46 44 45 40 51 55 40 53 38 43 47 45 44 49 45 47 52 40 37 46 42 52 40 52 47 55 54 47 52 40 45 48 38 47 43 49 49 43 42 34 44 51 41 38 41 44 51 47 44 48 49 50 51 47 43 41 49 50 45 53 51 53 41 51 55 52 46 48 53 49 55 49 48 
34 43 36 38 30 49 30 31 40 42 38 46 49 44 42 43 35 34 36 46 43 40 43 43 30 44 44 47 43 48 48 41 41 36 43 31 47 42 53 47 40 50 41 40 42 34 34 45 45 45 44 42 37 39 48 50 39 43 46 41 45 40 48 42 48 38 41 41 51 50 39 39 37 43 48 42 44 52 52 44 
0 0 0 0 0 0 0 0 0 0 0 0 0 0 0 0 0 0 0 0 0 0 0 0 0 0 0 0 0 0 0 0 0 0 0 0 0 0 0 0 0 0 0 0 0 0 0 0 0 0 0 0 0 0 0 0 0 0 0 0 0 0 0 0 0 0 0 0 0 0 0 0 0 0 0 0 0 0 0 0 
0 0 0 0 0 0 0 0 0 0 0 0 0 0 0 0 0 0 0 0 0 0 0 0 0 0 0 0 0 0 0 0 0 0 0 0 0 0 0 0 0 0 0 0 0 0 0 0 0 0 0 0 0 0 0 0 0 0 0 0 0 0 0 0 0 0 0 0 0 0 0 0 0 0 0 0 0 0 0 0 
0 0 0 0 0 0 0 0 0 0 0 0 0 0 0 0 0 0 0 0 0 0 0 0 0 0 0 0 0 0 0 0 0 0 0 0 0 0 0 0 0 0 0 0 0 0 0 0 0 0 0 0 0 0 0 0 0 0 0 0 0 0 0 0 0 0 0 0 0 0 0 0 0 0 0 0 0 0 0 0 
0 0 0 0 0 0 0 0 0 0 0 0 0 0 0 0 0 0 0 0 0 0 0 0 0 0 0 0 0 0 0 0 0 0 0 0 0 0 0 0 0 0 0 0 0 0 0 0 0 0 0 0 0 0 0 0 0 0 0 0 0 0 0 0 0 0 0 0 0 0 0 0 0 0 0 0 0 0 0 0 
0 0 0 0 0 0 0 0 0 0 0 0 0 0 0 0 0 0 0 0 0 0 0 0 0 0 0 0 0 0 0 0 0 0 0 0 0 0 0 0 0 0 0 0 0 0 0 0 0 0 0 0 0 0 0 0 0 0 0 0 0 0 0 0 0 0 0 0 0 0 0 0 0 0 0 0 0 0 0 0 
0 0 0 0 0 0 0 0 0 0 0 0 0 0 0 0 0 0 0 0 0 0 0 0 0 0 0 0 0 0 0 0 0 0 0 0 0 0 0 0 0 0 0 0 0 0 0 0 0 0 0 0 0 0 0 0 0 0 0 0 0 0 0 0 0 0 0 0 0 0 0 0 0 0 0 0 0 0 0 0 
0 0 0 0 0 0 0 0 0 0 0 0 0 0 0 0 0 0 0 0 0 0 0 0 0 0 0 0 0 0 0 0 0 0 0 0 0 0 0 0 0 0 0 0 0 0 0 0 0 0 0 0 0 0 0 0 0 0 0 0 0 0 0 0 0 0 0 0 0 0 0 0 0 0 0 0 0 0 0 0 
0 0 0 0 0 0 0 0 0 0 0 0 0 0 0 0 0 0 0 0 0 0 0 0 0 0 0 0 0 0 0 0 0 0 0 0 0 0 0 0 0 0 0 0 0 0 0 0 0 0 0 0 0 0 0 0 0 0 0 0 0 0 0 0 0 0 0 0 0 0 0 0 0 0 0 0 0 0 0 0 
0 0 0 0 0 0 0 0 0 0 0 0 0 0 0 0 0 0 0 0 0 0 0 0 0 0 0 0 0 0 0 0 0 0 0 0 0 0 0 0 0 0 0 0 0 0 0 0 0 0 0 0 0 0 0 0 0 0 0 0 0 0 0 0 0 0 0 0 0 0 0 0 0 0 0 0 0 0 0 0 
0 0 0 0 0 0 0 0 0 0 0 0 0 0 0 0 0 0 0 0 0 0 0 0 0 0 0 0 0 0 0 0 0 0 0 0 0 0 0 0 0 0 0 0 0 0 0 0 0 0 0 0 0 0 0 0 0 0 0 0 0 0 0 0 0 0 0 0 0 0 0 0 0 0 0 0 0 0 0 0 
0 0 0 0 0 0 0 0 0 0 0 0 0 0 0 0 0 0 0 0 0 0 0 0 0 0 0 0 0 0 0 0 0 0 0 0 0 0 0 0 0 0 0 0 0 0 0 0 0 0 0 0 0 0 0 0 0 0 0 0 0 0 0 0 0 0 0 0 0 0 0 0 0 0 0 0 0 0 0 0 
0 0 0 0 0 0 0 0 0 0 0 0 0 0 0 0 0 0 0 0 0 0 0 0 0 0 0 0 0 0 0 0 0 0 0 0 0 0 0 0 0 0 0 0 0 0 0 0 0 0 0 0 0 0 0 0 0 0 0 0 0 0 0 0 0 0 0 0 0 0 0 0 0 0 0 0 0 0 0 0 
0 0 0 0 0 0 0 0 0 0 0 0 0 0 0 0 0 0 0 0 0 0 0 0 0 0 0 0 0 0 0 0 0 0 0 0 0 0 0 0 0 0 0 0 0 0 0 0 0 0 0 0 0 0 0 0 0 0 0 0 0 0 0 0 0 0 0 0 0 0 0 0 0 0 0 0 0 0 0 0 
0 0 0 0 0 0 0 0 0 0 0 0 0 0 0 0 0 0 0 0 0 0 0 0 0 0 0 0 0 0 0 0 0 0 0 0 0 0 0 0 0 0 0 0 0 0 0 0 0 0 0 0 0 0 0 0 0 0 0 0 0 0 0 0 0 0 0 0 0 0 0 0 0 0 0 0 0 0 0 0 
0 0 0 0 0 0 0 0 0 0 0 0 0 0 0 0 0 0 0 0 0 0 0 0 0 0 0 0 0 0 0 0 0 0 0 0 0 0 0 0 0 0 0 0 0 0 0 0 0 0 0 0 0 0 0 0 0 0 0 0 0 0 0 0 0 0 0 0 0 0 0 0 0 0 0 0 0 0 0 0 
0 0 0 0 0 1 1 1 1 0 0 0 0 0 0 0 0 0 0 0 0 0 1 1 0 0 0 0 0 0 0 0 0 0 0 0 0 0 0 0 0 0 0 0 0 0 0 0 0 0 0 0 0 0 0 0 0 0 0 0 0 0 0 0 0 0 0 0 0 0 0 0 0 0 0 0 0 0 0 0 
0 0 0 0 0 0 0 0 0 0 0 0 0 0 0 0 0 0 0 0 0 0 0 0 0 0 0 0 0 0 0 0 0 0 0 0 0 0 0 0 0 0 0 0 0 0 0 0 0 0 0 0 0 0 0 0 0 0 0 0 0 0 0 0 0 0 0 0 0 0 0 0 0 0 0 0 0 0 0 0 
0 0 0 0 0 0 0 0 0 0 0 0 0 0 0 0 0 0 0 0 0 0 0 0 0 0 0 0 0 0 0 0 0 0 0 0 0 0 0 1 1 1 0 0 0 0 0 0 0 0 0 0 0 0 0 1 1 1 1 1 1 1 0 0 0 0 0 0 0 0 0 0 0 1 1 1 1 0 0 0 
0 0 0 0 0 1 1 1 0 0 0 0 0 0 0 0 0 0 0 0 0 1 1 1 1 1 0 0 0 0 0 0 0 0 0 0 0 0 1 1 1 1 1 1 0 0 0 0 0 0 0 0 0 0 0 1 1 1 1 1 1 1 0 0 0 0 0 0 0 0 0 0 0 1 1 1 1 1 0 0 
0 0 0 0 1 1 1 1 1 0 0 0 0 0 0 0 0 0 0 0 1 1 1 0 1 1 0 0 0 0 0 0 0 0 0 0 0 1 1 1 0 0 1 1 0 0 0 0 0 0 0 0 0 0 0 0 0 0 0 1 1 0 0 0 0 0 0 0 0 0 0 0 1 1 0 0 0 1 1 0 
0 0 0 1 1 0 0 0 1 1 0 0 0 0 0 0 0 0 0 0 1 1 0 0 0 1 1 0 0 0 0 0 0 0 0 0 0 1 1 0 0 0 1 1 0 0 0 0 0 0 0 0 0 0 0 0 0 0 0 1 1 0 0 0 0 0 0 0 0 0 0 0 1 1 0 0 0 1 1 0 
0 0 0 1 1 0 0 0 1 1 0 0 0 0 0 0 0 0 0 0 1 1 0 0 0 1 1 0 0 0 0 0 0 0 0 0 0 1 1 0 0 0 1 1 0 0 0 0 0 0 0 0 0 0 0 0 0 0 1 1 1 0 0 0 0 0 0 0 0 0 0 0 1 1 0 0 0 1 1 0 
0 0 0 1 1 0 0 0 1 1 0 0 0 0 0 0 0 0 0 0 1 1 0 0 0 1 1 0 0 0 0 0 0 0 0 0 0 1 1 0 0 0 1 1 0 0 0 0 0 0 0 0 0 0 0 0 0 0 1 1 0 0 0 0 0 0 0 0 0 0 0 0 1 1 0 0 0 1 1 0 
0 0 0 1 1 0 0 0 1 1 0 0 0 0 0 0 0 0 0 0 1 1 0 0 0 1 1 0 0 0 0 0 0 0 0 0 0 1 1 1 0 0 1 1 0 0 0 0 0 0 0 0 0 0 0 0 0 0 1 1 0 0 0 0 0 0 0 0 0 0 0 0 1 1 0 0 0 1 1 0 
0 0 0 1 1 0 0 0 1 1 0 0 0 0 0 0 0 0 0 0 1 1 0 0 0 1 1 0 0 0 0 0 0 0 0 0 0 1 1 0 0 0 1 1 0 0 0 0 0 0 0 0 0 0 0 0 0 1 1 1 0 0 0 0 0 0 0 0 0 0 0 0 1 1 0 0 0 1 1 0 
0 0 0 1 1 0 0 0 1 1 0 0 0 0 0 0 0 0 0 0 1 1 0 0 0 1 1 0 0 0 0 0 0 0 0 0 0 1 1 0 0 0 1 1 0 0 0 0 0 0 0 0 0 0 0 0 0 1 1 0 0 0 0 0 0 0 0 0 0 0 0 0 0 1 1 0 0 1 1 0 
0 0 0 1 1 0 0 0 1 1 0 0 0 0 0 0 0 0 0 0 1 1 0 0 1 1 1 0 0 0 0 0 0 0 0 0 0 1 1 1 0 0 1 1 0 0 0 0 0 0 0 0 0 0 0 0 0 1 1 0 0 0 0 0 0 0 0 0 0 0 0 0 0 1 1 1 1 1 1 0 
0 0 0 1 1 1 1 1 1 0 0 0 0 0 0 0 0 0 0 0 1 1 1 1 1 1 0 0 0 0 0 0 0 0 0 0 0 0 1 1 1 1 1 1 0 0 0 0 0 0 0 0 0 0 0 0 0 1 1 0 0 0 0 0 0 0 0 0 0 0 0 0 0 0 1 1 1 1 0 0 
0 0 0 0 0 0 0 0 0 0 0 0 0 0 0 0 0 0 0 0 0 1 1 1 1 0 0 0 0 0 0 0 0 0 0 0 0 0 0 0 1 1 0 0 0 0 0 0 0 0 0 0 0 0 0 0 0 1 1 0 0 0 0 0 0 0 0 0 0 0 0 0 0 0 0 0 0 0 0 0 
0 0 0 0 0 0 0 0 0 0 0 0 0 0 0 0 0 0 0 0 0 0 0 0 0 0 0 0 0 0 0 0 0 0 0 0 0 0 0 0 0 0 0 0 0 0 0 0 0 0 0 0 0 0 0 0 0 0 0 0 0 0 0 0 0 0 0 0 0 0 0 0 0 0 0 0 0 0 0 0 
0 0 0 0 0 0 0 0 0 0 0 0 0 0 0 0 0 0 0 0 0 0 0 0 0 0 0 0 0 0 0 0 0 0 0 0 0 0 0 0 0 0 0 0 0 0 0 0 0 0 0 0 0 0 0 0 0 0 0 0 0 0 0 0 0 0 0 0 0 0 0 0 0 0 0 0 0 0 0 0 
0 0 0 0 0 0 0 0 0 0 0 0 0 0 0 0 0 0 0 0 0 0 0 0 0 0 0 0 0 0 0 0 0 0 0 0 0 0 0 0 0 0 0 0 0 0 0 0 0 0 0 0 0 0 0 0 0 0 0 0 0 0 0 0 0 0 0 0 0 0 0 0 0 0 0 0 0 0 0 0 
0 0 0 0 0 0 0 0 0 0 0 0 0 0 0 0 0 0 0 0 0 0 0 0 0 0 0 0 0 0 0 0 0 0 0 0 0 0 0 0 0 0 0 0 0 0 0 0 0 0 0 0 0 0 0 0 0 0 0 0 0 0 0 0 0 0 0 0 0 0 0 0 0 0 0 0 0 0 0 0 
0 0 0 0 0 0 0 0 0 0 0 0 0 0 0 0 0 0 0 0 0 0 0 0 0 0 0 0 0 0 0 0 0 0 0 0 0 0 0 0 0 0 0 0 0 0 0 0 0 0 0 0 0 0 0 0 0 0 0 0 0 0 0 0 0 0 0 0 0 0 0 0 0 0 0 0 0 0 0 0 
0 0 0 0 0 0 0 0 0 0 0 0 0 0 0 0 0 0 0 0 0 0 0 0 0 0 0 0 0 0 0 0 0 0 0 0 0 0 0 0 0 0 0 0 0 0 0 0 0 0 0 0 0 0 0 0 0 0 0 0 0 0 0 0 0 0 0 0 0 0 0 0 0 0 0 0 0 0 0 0 
0 0 0 0 0 0 0 0 0 0 0 0 0 0 0 0 0 0 0 0 0 0 0 0 0 0 0 0 0 0 0 0 0 0 0 0 0 0 0 0 0 0 0 0 0 0 0 0 0 0 0 0 0 0 0 0 0 0 0 0 0 0 0 0 0 0 0 0 0 0 0 0 0 0 0 0 0 0 0 0 
0 0 0 0 0 0 0 0 0 0 0 0 0 0 0 0 0 0 0 0 0 0 0 0 0 0 0 0 0 0 0 0 0 0 0 0 0 0 0 0 0 0 0 0 0 0 0 0 0 0 0 0 0 0 0 0 0 0 0 0 0 0 0 0 0 0 0 0 0 0 0 0 0 0 0 0 0 0 0 0 
0 0 0 0 0 0 0 0 0 0 0 0 0 0 0 0 0 0 0 0 0 0 0 0 0 0 0 0 0 0 0 0 0 0 0 0 0 0 0 0 0 0 0 0 0 0 0 0 0 0 0 0 0 0 0 0 0 0 0 0 0 0 0 0 0 0 0 0 0 0 0 0 0 0 0 0 0 0 0 0 
0 0 0 0 0 0 0 0 0 0 0 0 0 0 0 0 0 0 0 0 0 0 0 0 0 0 0 0 0 0 0 0 0 0 0 0 0 0 0 0 0 0 0 0 0 0 0 0 0 0 0 0 0 0 0 0 0 0 0 0 0 0 0 0 0 0 0 0 0 0 0 0 0 0 0 0 0 0 0 0 
0 0 0 0 0 0 0 0 0 0 0 0 0 0 0 0 0 0 0 0 0 0 0 0 0 0 0 0 0 0 0 0 0 0 0 0 0 0 0 0 0 0 0 0 0 0 0 0 0 0 0 0 0 0 0 0 0 0 0 0 0 0 0 0 0 0 0 0 0 0 0 0 0 0 0 0 0 0 0 0 
0 0 0 0 0 0 0 0 0 0 0 0 0 0 0 0 0 0 0 0 0 0 0 0 0 0 0 0 0 0 0 0 0 0 0 0 0 0 0 0 0 0 0 0 0 0 0 0 0 0 0 0 0 0 0 0 0 0 0 0 0 0 0 0 0 0 0 0 0 0 0 0 0 0 0 0 0 0 0 0 
0 0 0 0 0 0 0 0 0 0 0 0 0 0 0 0 0 0 0 0 0 0 0 0 0 0 0 0 0 0 0 0 0 0 0 0 0 0 0 0 0 0 0 0 0 0 0 0 0 0 0 0 0 0 0 0 0 0 0 0 0 0 0 0 0 0 0 0 0 0 0 0 0 0 0 0 0 0 0 0 
0 0 0 0 0 0 0 0 0 0 0 0 0 0 0 0 0 0 0 0 0 0 0 0 0 0 0 0 0 0 0 0 0 0 0 0 0 0 0 0 0 0 0 0 0 0 0 0 0 0 0 0 0 0 0 0 0 0 0 0 0 0 0 0 0 0 0 0 0 0 0 0 0 0 0 0 0 0 0 0 
0 0 0 0 0 0 0 0 0 0 0 0 0 0 0 0 0 0 0 0 0 0 0 0 0 0 0 0 0 0 0 0 0 0 0 0 0 0 0 0 0 0 0 0 0 0 0 0 0 0 0 0 0 0 0 0 0 0 0 0 0 0 0 0 0 0 0 0 0 0 0 0 0 0 0 0 0 0 0 0 
0 0 0 0 0 0 0 0 0 0 0 0 0 0 0 0 0 0 0 0 0 0 0 0 0 0 0 0 0 0 0 0 0 0 0 0 0 0 0 0 0 0 0 0 0 0 0 0 0 0 0 0 0 0 0 0 0 0 0 0 0 0 0 0 0 0 0 0 0 0 0 0 0 0 0 0 0 0 0 0 
0 0 0 0 0 0 0 0 0 0 0 0 0 0 0 0 0 0 0 0 0 0 0 0 0 0 0 0 0 0 0 0 0 0 0 0 0 0 0 0 0 0 0 0 0 0 0 0 0 0 0 0 0 0 0 0 0 0 0 0 0 0 0 0 0 0 0 0 0 0 0 0 0 0 0 0 0 0 0 0 
0 0 0 0 0 0 0 0 0 0 0 0 0 0 0 0 0 0 0 0 0 0 0 0 0 0 0 0 0 0 0 0 0 0 0 0 0 0 0 0 0 0 0 0 0 0 0 0 0 0 0 0 0 0 0 0 0 0 0 0 0 0 0 0 0 0 0 0 0 0 0 0 0 0 0 0 0 0 0 0 
0 0 0 0 0 0 0 0 0 0 0 0 0 0 0 0 0 0 0 0 0 0 0 0 0 0 0 0 0 0 0 0 0 0 0 0 0 0 0 0 0 0 0 0 0 0 0 0 0 0 0 0 0 0 0 0 0 0 0 0 0 0 0 0 0 0 0 0 0 0 0 0 0 0 0 0 0 0 0 0 
0 0 0 0 0 0 0 0 0 0 0 0 0 0 0 0 0 0 0 0 0 0 0 0 0 0 0 0 0 0 0 0 0 0 0 0 0 0 0 0 0 0 0 0 0 0 0 0 0 0 0 0 0 0 0 0 0 0 0 0 0 0 0 0 0 0 0 0 0 0 0 0 0 0 0 0 0 0 0 0 
0 0 0 0 0 0 0 0 0 0 0 0 0 0 0 0 0 0 0 0 0 0 0 0 0 0 0 0 0 0 0 0 0 0 0 0 0 0 0 0 0 0 0 0 0 0 0 0 0 0 0 0 0 0 0 0 0 0 0 0 0 0 0 0 0 0 0 0 0 0 0 0 0 0 0 0 0 0 0 0 
0 0 0 0 0 0 0 0 0 0 0 0 0 0 0 0 0 0 0 0 0 0 0 0 0 0 0 0 0 0 0 0 0 0 0 0 0 0 0 0 0 0 0 0 0 0 0 0 0 0 0 0 0 0 0 0 0 0 0 0 0 0 0 0 0 0 0 0 0 0 0 0 0 0 0 0 0 0 0 0 
0 0 0 0 0 0 0 0 0 0 0 0 0 0 0 0 0 0 0 0 0 0 0 0 0 0 0 0 0 0 0 0 0 0 0 0 0 0 0 0 0 0 0 0 0 0 0 0 0 0 0 0 0 0 0 0 0 0 0 0 0 0 0 0 0 0 0 0 0 0 0 0 0 0 0 0 0 0 0 0 
0 0 0 0 0 0 0 0 0 0 0 0 0 0 0 0 0 0 0 0 0 0 0 0 0 0 0 0 0 0 0 0 0 0 0 0 0 0 0 0 0 0 0 0 0 0 0 0 0 0 0 0 0 0 0 0 0 0 0 0 0 0 0 0 0 0 0 0 0 0 0 0 0 0 0 0 0 0 0 0 
0 0 0 0 0 0 0 0 0 0 0 0 0 0 0 0 0 0 0 0 0 0 0 0 0 0 0 0 0 0 0 0 0 0 0 0 0 0 0 0 0 0 0 0 0 0 0 0 0 0 0 0 0 0 0 0 0 0 0 0 0 0 0 0 0 0 0 0 0 0 0 0 0 0 0 0 0 0 0 0 
0 0 0 0 0 0 0 0 0 0 0 0 0 0 0 0 0 0 0 0 0 0 0 0 0 0 0 0 0 0 0 0 0 0 0 0 0 0 0 0 0 0 0 0 0 0 0 0 0 0 0 0 0 0 0 0 0 0 0 0 0 0 0 0 0 0 0 0 0 0 0 0 0 0 0 0 0 0 0 0 
0 0 0 0 0 0 0 0 0 0 0 0 0 0 0 0 0 0 0 0 0 0 0 0 0 0 0 0 0 0 0 0 0 0 0 0 0 0 0 0 0 0 0 0 0 0 0 0 0 0 0 0 0 0 0 0 0 0 0 0 0 0 0 0 0 0 0 0 0 0 0 0 0 0 0 0 0 0 0 0 
0 0 0 0 0 0 0 0 0 0 0 0 0 0 0 0 0 0 0 0 0 0 0 0 0 0 0 0 0 0 0 0 0 0 0 0 0 0 0 0 0 0 0 0 0 0 0 0 0 0 0 0 0 0 0 0 0 0 0 0 0 0 0 0 0 0 0 0 0 0 0 0 0 0 0 0 0 0 0 0 
0 0 0 0 0 0 0 0 0 0 0 0 0 0 0 0 0 0 0 0 0 0 0 0 0 0 0 0 0 0 0 0 0 0 0 0 0 0 0 0 0 0 0 0 0 0 0 0 0 0 0 0 0 0 0 0 0 0 0 0 0 0 0 0 0 0 0 0 0 0 0 0 0 0 0 0 0 0 0 0 
0 0 0 0 0 0 0 0 0 0 0 0 0 0 0 0 0 0 0 0 0 0 0 0 0 0 0 0 0 0 0 0 0 0 0 0 0 0 0 0 0 0 0 0 0 0 0 0 0 0 0 0 0 0 0 0 0 0 0 0 0 0 0 0 0 0 0 0 0 0 0 0 0 0 0 0 0 0 0 0 
0 0 0 0 0 0 0 0 0 0 0 0 0 0 0 0 0 0 0 0 0 0 0 0 0 0 0 0 0 0 0 0 0 0 0 0 0 0 0 0 0 0 0 0 0 0 0 0 0 0 0 0 0 0 0 0 0 0 0 0 0 0 0 0 0 0 0 0 0 0 0 0 0 0 0 0 0 0 0 0 
srcRect{2,14,79,29}
h:16,w:78
dstRect{0,0,77,15}
0 0 0 0 0 0 0 0 0 0 0 0 0 0 0 0 0 0 0 0 0 0 0 0 0 0 0 0 0 0 0 0 0 0 0 0 0 0 0 0 0 0 0 0 0 0 0 0 0 0 0 0 0 0 0 0 0 0 0 0 0 0 0 0 0 0 0 0 0 0 0 0 0 0 0 0 0 0 
0 0 0 1 1 1 1 0 0 0 0 0 0 0 0 0 0 0 0 0 1 1 0 0 0 0 0 0 0 0 0 0 0 0 0 0 0 0 0 0 0 0 0 0 0 0 0 0 0 0 0 0 0 0 0 0 0 0 0 0 0 0 0 0 0 0 0 0 0 0 0 0 0 0 0 0 0 0 
0 0 0 0 0 0 0 0 0 0 0 0 0 0 0 0 0 0 0 0 0 0 0 0 0 0 0 0 0 0 0 0 0 0 0 0 0 0 0 0 0 0 0 0 0 0 0 0 0 0 0 0 0 0 0 0 0 0 0 0 0 0 0 0 0 0 0 0 0 0 0 0 0 0 0 0 0 0 
0 0 0 0 0 0 0 0 0 0 0 0 0 0 0 0 0 0 0 0 0 0 0 0 0 0 0 0 0 0 0 0 0 0 0 0 0 1 1 1 0 0 0 0 0 0 0 0 0 0 0 0 0 1 1 1 1 1 1 1 0 0 0 0 0 0 0 0 0 0 0 1 1 1 1 0 0 0 
0 0 0 1 1 1 0 0 0 0 0 0 0 0 0 0 0 0 0 1 1 1 1 1 0 0 0 0 0 0 0 0 0 0 0 0 1 1 1 1 1 1 0 0 0 0 0 0 0 0 0 0 0 1 1 1 1 1 1 1 0 0 0 0 0 0 0 0 0 0 0 1 1 1 1 1 0 0 
0 0 1 1 1 1 1 0 0 0 0 0 0 0 0 0 0 0 1 1 1 0 1 1 0 0 0 0 0 0 0 0 0 0 0 1 1 1 0 0 1 1 0 0 0 0 0 0 0 0 0 0 0 0 0 0 0 1 1 0 0 0 0 0 0 0 0 0 0 0 1 1 0 0 0 1 1 0 
0 1 1 0 0 0 1 1 0 0 0 0 0 0 0 0 0 0 1 1 0 0 0 1 1 0 0 0 0 0 0 0 0 0 0 1 1 0 0 0 1 1 0 0 0 0 0 0 0 0 0 0 0 0 0 0 0 1 1 0 0 0 0 0 0 0 0 0 0 0 1 1 0 0 0 1 1 0 
0 1 1 0 0 0 1 1 0 0 0 0 0 0 0 0 0 0 1 1 0 0 0 1 1 0 0 0 0 0 0 0 0 0 0 1 1 0 0 0 1 1 0 0 0 0 0 0 0 0 0 0 0 0 0 0 1 1 1 0 0 0 0 0 0 0 0 0 0 0 1 1 0 0 0 1 1 0 
0 1 1 0 0 0 1 1 0 0 0 0 0 0 0 0 0 0 1 1 0 0 0 1 1 0 0 0 0 0 0 0 0 0 0 1 1 0 0 0 1 1 0 0 0 0 0 0 0 0 0 0 0 0 0 0 1 1 0 0 0 0 0 0 0 0 0 0 0 0 1 1 0 0 0 1 1 0 
0 1 1 0 0 0 1 1 0 0 0 0 0 0 0 0 0 0 1 1 0 0 0 1 1 0 0 0 0 0 0 0 0 0 0 1 1 1 0 0 1 1 0 0 0 0 0 0 0 0 0 0 0 0 0 0 1 1 0 0 0 0 0 0 0 0 0 0 0 0 1 1 0 0 0 1 1 0 
0 1 1 0 0 0 1 1 0 0 0 0 0 0 0 0 0 0 1 1 0 0 0 1 1 0 0 0 0 0 0 0 0 0 0 1 1 0 0 0 1 1 0 0 0 0 0 0 0 0 0 0 0 0 0 1 1 1 0 0 0 0 0 0 0 0 0 0 0 0 1 1 0 0 0 1 1 0 
0 1 1 0 0 0 1 1 0 0 0 0 0 0 0 0 0 0 1 1 0 0 0 1 1 0 0 0 0 0 0 0 0 0 0 1 1 0 0 0 1 1 0 0 0 0 0 0 0 0 0 0 0 0 0 1 1 0 0 0 0 0 0 0 0 0 0 0 0 0 0 1 1 0 0 1 1 0 
0 1 1 0 0 0 1 1 0 0 0 0 0 0 0 0 0 0 1 1 0 0 1 1 1 0 0 0 0 0 0 0 0 0 0 1 1 1 0 0 1 1 0 0 0 0 0 0 0 0 0 0 0 0 0 1 1 0 0 0 0 0 0 0 0 0 0 0 0 0 0 1 1 1 1 1 1 0 
0 1 1 1 1 1 1 0 0 0 0 0 0 0 0 0 0 0 1 1 1 1 1 1 0 0 0 0 0 0 0 0 0 0 0 0 1 1 1 1 1 1 0 0 0 0 0 0 0 0 0 0 0 0 0 1 1 0 0 0 0 0 0 0 0 0 0 0 0 0 0 0 1 1 1 1 0 0 
0 0 0 0 0 0 0 0 0 0 0 0 0 0 0 0 0 0 0 1 1 1 1 0 0 0 0 0 0 0 0 0 0 0 0 0 0 0 1 1 0 0 0 0 0 0 0 0 0 0 0 0 0 0 0 1 1 0 0 0 0 0 0 0 0 0 0 0 0 0 0 0 0 0 0 0 0 0 
0 0 0 0 0 0 0 0 0 0 0 0 0 0 0 0 0 0 0 0 0 0 0 0 0 0 0 0 0 0 0 0 0 0 0 0 0 0 0 0 0 0 0 0 0 0 0 0 0 0 0 0 0 0 0 0 0 0 0 0 0 0 0 0 0 0 0 0 0 0 0 0 0 0 0 0 0 0 
End
接下来打印获得的矩形区域：
第0个矩形：{1,1,7,1}
第1个矩形：{18,1,24,1}
第2个矩形：{35,3,41,14}
第3个矩形：{53,3,59,14}
第4个矩形：{70,0,76,16}
总共5个矩形
接下来打印获得的矩形区域：
第0个矩形：{1,1,7,1}
第1个矩形：{18,1,24,1}
第2个矩形：{35,3,41,14}
第3个矩形：{53,3,59,14}
第4个矩形：{70,0,76,16}
总共5个矩形
0 0 1 1 1 1 1 0 0 0 1 1 0 0 0 0 0 0 1 1 1 1 0 0 1 1 1 1 1 1 1 1 0 0 0 0 0 0 0 0 
0 0 1 1 1 1 1 0 0 0 1 1 0 0 0 0 0 1 1 1 1 1 1 1 1 1 1 1 1 1 1 1 0 0 0 0 0 0 0 0 
0 0 1 1 1 1 1 0 0 0 1 1 0 0 0 0 1 1 1 0 0 0 1 1 0 0 0 0 1 1 1 0 0 0 0 0 0 0 0 0 
0 0 1 1 1 1 1 0 0 0 1 1 0 0 0 0 1 1 1 0 0 0 1 1 0 0 0 0 1 1 1 0 0 1 1 1 1 1 0 0 
0 0 1 1 1 1 1 0 0 0 1 1 0 0 0 0 1 1 0 0 0 0 1 1 0 0 0 0 1 1 1 0 0 1 1 1 1 1 1 0 
0 0 1 1 1 1 1 0 0 0 1 1 0 0 0 0 1 1 0 0 0 0 1 1 0 0 0 1 1 1 1 0 1 1 0 0 0 0 1 1 
0 0 1 1 1 1 1 0 0 0 1 1 0 0 0 0 1 1 0 0 0 0 1 1 0 0 0 1 1 1 0 0 1 1 0 0 0 0 1 1 
0 0 1 1 1 1 1 0 0 0 1 1 0 0 0 0 1 1 0 0 0 0 1 1 0 0 0 1 1 1 0 0 1 1 0 0 0 0 1 1 
0 0 0 0 0 0 0 0 0 0 0 0 0 0 0 0 1 1 1 0 0 0 1 1 0 0 0 1 1 1 0 0 1 1 0 0 0 0 1 1 
0 0 0 0 0 0 0 0 0 0 0 0 0 0 0 0 1 1 0 0 0 0 1 1 0 0 1 1 1 1 0 0 1 1 0 0 0 0 1 1 
0 0 0 0 0 0 0 0 0 0 0 0 0 0 0 0 1 1 0 0 0 0 1 1 0 0 1 1 0 0 0 0 0 1 1 0 0 0 1 1 
0 0 0 0 0 0 0 0 0 0 0 0 0 0 0 0 1 1 0 0 0 0 1 1 0 0 1 1 0 0 0 0 0 1 1 1 1 1 1 1 
0 0 0 0 0 0 0 0 0 0 0 0 0 0 0 0 1 1 1 0 0 0 1 1 0 0 1 1 0 0 0 0 0 0 1 1 1 1 1 0 
0 0 0 0 0 0 0 0 0 0 0 0 0 0 0 0 0 1 1 1 1 1 1 1 0 0 1 1 0 0 0 0 0 0 0 0 0 0 0 0 
0 0 0 0 0 0 0 0 0 0 0 0 0 0 0 0 0 0 0 1 1 1 0 0 0 0 1 1 0 0 0 0 0 0 0 0 0 0 0 0 
0 0 0 0 0 0 0 0 0 0 0 0 0 0 0 0 0 0 0 1 1 1 0 0 0 0 1 1 0 0 0 0 0 8 27 1 0 0 8 27 
归一化之后的矩形：
接下来打印获得的矩形区域：
第0个矩形：{0,0,7,15}
第1个矩形：{8,0,15,15}
第2个矩形：{16,0,23,15}
第3个矩形：{24,0,31,15}
第4个矩形：{32,0,39,15}
总共5个矩形
8 12 8 12 0 0 0 0 40 5 0 8 8 
8 0 8 0 0 0 0 0 16 2 0 8 8 
11 10 8 8 9 8 8 10 72 3 3 8 8 
8 14 3 10 7 4 8 0 54 4 2 8 8 
3 2 9 9 9 10 3 3 48 3 3 8 8 
s[0]:480 s[1]:1320 s[2]:2149 s[3]:1823 s[4]:2681 s[5]:1609 s[6]:3270 s[7]:2037 s[8]:516 s[9]:1830 
min:480
s[0]:1641 s[1]:3549 s[2]:4954 s[3]:4532 s[4]:5714 s[5]:3910 s[6]:6645 s[7]:4632 s[8]:1695 s[9]:4455 
min:1641
s[0]:711 s[1]:81 s[2]:218 s[3]:84 s[4]:320 s[5]:114 s[6]:565 s[7]:132 s[8]:741 s[9]:137 
min:81
s[0]:315 s[1]:571 s[2]:942 s[3]:758 s[4]:1362 s[5]:794 s[6]:1861 s[7]:908 s[8]:345 s[9]:849 
min:315
s[0]:67 s[1]:669 s[2]:1534 s[3]:1210 s[4]:1652 s[5]:886 s[6]:2437 s[7]:1246 s[8]:97 s[9]:1109 
min:67

0
0
1
0
0